-1.5 -5.06128e-07
-1.48438 -1.63646e-07
-1.46875 -7.00845e-07
-1.45312 -8.81748e-07
-1.4375 -1.03977e-06
-1.42188 -1.25714e-06
-1.40625 -1.48726e-06
-1.39062 -1.79048e-06
-1.375 -2.12223e-06
-1.35938 -2.54917e-06
-1.34375 -3.01805e-06
-1.32812 -3.615e-06
-1.3125 -4.27204e-06
-1.29688 -5.09881e-06
-1.28125 -6.00852e-06
-1.26562 -7.13793e-06
-1.25 -8.37531e-06
-1.23438 -9.88638e-06
-1.21875 -1.15237e-05
-1.20312 -1.34778e-05
-1.1875 -1.5545e-05
-1.17188 -1.79466e-05
-1.15625 -2.03022e-05
-1.14062 -2.28615e-05
-1.125 -2.49916e-05
-1.10938 -2.67995e-05
-1.09375 -2.69643e-05
-1.07812 -2.5143e-05
-1.0625 -1.81596e-05
-1.04688 -3.46805e-06
-1.03125 2.883e-05
-1.01562 9.60523e-05
-1 0.000362633
-0.984375 0.000581123
-0.96875 0.000696364
-0.953125 0.000782706
-0.9375 0.000861037
-0.921875 0.000922965
-0.90625 0.000985247
-0.890625 0.00103647
-0.875 0.00108731
-0.859375 0.00113109
-0.84375 0.00117487
-0.828125 0.00121343
-0.8125 0.00125198
-0.796875 0.00128657
-0.78125 0.00132104
-0.765625 0.00135243
-0.75 0.00138359
-0.734375 0.00141211
-0.71875 0.00144069
-0.703125 0.00146697
-0.6875 0.0014931
-0.671875 0.00151739
-0.65625 0.00154138
-0.640625 0.00156376
-0.625 0.00158597
-0.609375 0.00160672
-0.59375 0.00162719
-0.578125 0.00164636
-0.5625 0.00166532
-0.546875 0.00168303
-0.53125 0.00170059
-0.515625 0.00171693
-0.5 0.00173317
-0.484375 0.00174831
-0.46875 0.00176323
-0.453125 0.00177714
-0.4375 0.00179088
-0.421875 0.00180364
-0.40625 0.00181625
-0.390625 0.00182789
-0.375 0.00183942
-0.359375 0.00184991
-0.34375 0.00186049
-0.328125 0.00186994
-0.3125 0.00187952
-0.296875 0.00188798
-0.28125 0.00189658
-0.265625 0.00190392
-0.25 0.00191171
-0.234375 0.0019181
-0.21875 0.00192496
-0.203125 0.00193021
-0.1875 0.00193637
-0.171875 0.0019404
-0.15625 0.00194597
-0.140625 0.00194866
-0.125 0.0019538
-0.109375 0.00195399
-0.09375 0.00195986
-0.078125 0.00195579
-0.0625 0.00196418
-0.046875 0.00195212
-0.03125 0.00196676
-0.015625 0.00195803
0 0.00196763
0.015625 0.00195803
0.03125 0.00196676
0.046875 0.00195212
0.0625 0.00196418
0.078125 0.00195579
0.09375 0.00195986
0.109375 0.00195399
0.125 0.0019538
0.140625 0.00194866
0.15625 0.00194597
0.171875 0.0019404
0.1875 0.00193637
0.203125 0.00193021
0.21875 0.00192496
0.234375 0.0019181
0.25 0.00191171
0.265625 0.00190392
0.28125 0.00189658
0.296875 0.00188798
0.3125 0.00187952
0.328125 0.00186994
0.34375 0.00186049
0.359375 0.00184991
0.375 0.00183942
0.390625 0.00182789
0.40625 0.00181625
0.421875 0.00180364
0.4375 0.00179088
0.453125 0.00177714
0.46875 0.00176323
0.484375 0.00174831
0.5 0.00173317
0.515625 0.00171693
0.53125 0.00170059
0.546875 0.00168303
0.5625 0.00166532
0.578125 0.00164636
0.59375 0.00162719
0.609375 0.00160672
0.625 0.00158597
0.640625 0.00156376
0.65625 0.00154138
0.671875 0.00151739
0.6875 0.0014931
0.703125 0.00146697
0.71875 0.00144069
0.734375 0.00141211
0.75 0.00138359
0.765625 0.00135243
0.78125 0.00132104
0.796875 0.00128657
0.8125 0.00125198
0.828125 0.00121343
0.84375 0.00117487
0.859375 0.00113109
0.875 0.00108731
0.890625 0.00103647
0.90625 0.000985247
0.921875 0.000922965
0.9375 0.000861037
0.953125 0.000782706
0.96875 0.000696364
0.984375 0.000581123
1 0.000362633
1.01562 9.60523e-05
1.03125 2.883e-05
1.04688 -3.46805e-06
1.0625 -1.81596e-05
1.07812 -2.5143e-05
1.09375 -2.69643e-05
1.10938 -2.67995e-05
1.125 -2.49916e-05
1.14062 -2.28615e-05
1.15625 -2.03022e-05
1.17188 -1.79466e-05
1.1875 -1.5545e-05
1.20312 -1.34778e-05
1.21875 -1.15237e-05
1.23438 -9.88638e-06
1.25 -8.37531e-06
1.26562 -7.13793e-06
1.28125 -6.00852e-06
1.29688 -5.09881e-06
1.3125 -4.27204e-06
1.32812 -3.615e-06
1.34375 -3.01805e-06
1.35938 -2.54917e-06
1.375 -2.12223e-06
1.39062 -1.79048e-06
1.40625 -1.48726e-06
1.42188 -1.25714e-06
1.4375 -1.03977e-06
1.45312 -8.81748e-07
1.46875 -7.00845e-07
1.48438 -1.63646e-07
1.5 -5.06128e-07
