-1.5 9.03212e-05
-1.4375 0.000111147
-1.375 0.000154573
-1.3125 0.000196418
-1.25 0.000274507
-1.1875 0.000366965
-1.125 0.000522989
-1.0625 0.000756799
-1 0.00112441
-0.9375 0.00127182
-0.875 0.00142569
-0.8125 0.00153829
-0.75 0.00164694
-0.6875 0.00172825
-0.625 0.00180908
-0.5625 0.00187159
-0.5 0.00193058
-0.4375 0.00197599
-0.375 0.00201971
-0.3125 0.00205064
-0.25 0.00208097
-0.1875 0.00209889
-0.125 0.00211686
-0.0625 0.00212259
0 0.00212869
0.0625 0.00212259
0.125 0.00211686
0.1875 0.00209889
0.25 0.00208097
0.3125 0.00205064
0.375 0.00201971
0.4375 0.00197599
0.5 0.00193058
0.5625 0.00187159
0.625 0.00180908
0.6875 0.00172825
0.75 0.00164694
0.8125 0.00153829
0.875 0.00142569
0.9375 0.00127182
1 0.00112441
1.0625 0.000756799
1.125 0.000522989
1.1875 0.000366965
1.25 0.000274507
1.3125 0.000196418
1.375 0.000154573
1.4375 0.000111147
1.5 9.03212e-05
