-1.5 -2.46023e-14
-1.49609 -2.5319e-14
-1.49219 -2.60274e-14
-1.48828 -2.67715e-14
-1.48438 -2.75446e-14
-1.48047 -2.83228e-14
-1.47656 -2.91453e-14
-1.47266 -2.99954e-14
-1.46875 -3.08693e-14
-1.46484 -3.17872e-14
-1.46094 -3.27079e-14
-1.45703 -3.36648e-14
-1.45312 -3.46936e-14
-1.44922 -3.61856e-14
-1.44531 -3.67402e-14
-1.44141 -3.77531e-14
-1.4375 -3.90272e-14
-1.43359 -4.01985e-14
-1.42969 -4.14669e-14
-1.42578 -4.27673e-14
-1.42188 -4.41016e-14
-1.41797 -4.53581e-14
-1.41406 -4.69636e-14
-1.41016 -4.84167e-14
-1.40625 -4.98324e-14
-1.40234 -5.15362e-14
-1.39844 -5.31527e-14
-1.39453 -5.48887e-14
-1.39062 -5.71591e-14
-1.38672 -5.78162e-14
-1.38281 -6.00207e-14
-1.37891 -6.23226e-14
-1.375 -6.43996e-14
-1.37109 -6.65436e-14
-1.36719 -6.87724e-14
-1.36328 -7.10866e-14
-1.35938 -7.3491e-14
-1.35547 -7.59851e-14
-1.35156 -7.85822e-14
-1.34766 -8.12911e-14
-1.34375 -8.411e-14
-1.33984 -8.70448e-14
-1.33594 -9.01008e-14
-1.33203 -9.32848e-14
-1.32812 -9.65965e-14
-1.32422 -1.00045e-13
-1.32031 -1.03646e-13
-1.31641 -1.07405e-13
-1.3125 -1.11327e-13
-1.30859 -1.1542e-13
-1.30469 -1.19693e-13
-1.30078 -1.24156e-13
-1.29688 -1.28818e-13
-1.29297 -1.33684e-13
-1.28906 -1.38771e-13
-1.28516 -1.44101e-13
-1.28125 -1.49661e-13
-1.27734 -1.55116e-13
-1.27344 -1.61613e-13
-1.26953 -1.6814e-13
-1.26562 -1.74826e-13
-1.26172 -1.81814e-13
-1.25781 -1.89116e-13
-1.25391 -1.96981e-13
-1.25 -2.05052e-13
-1.24609 -2.13604e-13
-1.24219 -2.22632e-13
-1.23828 -2.32096e-13
-1.23438 -2.42074e-13
-1.23047 -2.52585e-13
-1.22656 -2.63643e-13
-1.22266 -2.75306e-13
-1.21875 -2.8763e-13
-1.21484 -3.00618e-13
-1.21094 -3.14344e-13
-1.20703 -3.28884e-13
-1.20312 -3.44248e-13
-1.19922 -3.60644e-13
-1.19531 -3.77876e-13
-1.19141 -3.96219e-13
-1.1875 -4.15979e-13
-1.18359 -4.36883e-13
-1.17969 -4.58084e-13
-1.17578 -4.81682e-13
-1.17188 -5.07257e-13
-1.16797 -5.31924e-13
-1.16406 -5.61543e-13
-1.16016 -5.92345e-13
-1.15625 -6.25018e-13
-1.15234 -6.60072e-13
-1.14844 -6.97677e-13
-1.14453 -7.38151e-13
-1.14062 -7.81753e-13
-1.13672 -8.2882e-13
-1.13281 -8.79685e-13
-1.12891 -9.34787e-13
-1.125 -9.94522e-13
-1.12109 -1.05935e-12
-1.11719 -1.12985e-12
-1.11328 -1.20779e-12
-1.10938 -1.29231e-12
-1.10547 -1.38529e-12
-1.10156 -1.4877e-12
-1.09766 -1.60075e-12
-1.09375 -1.72611e-12
-1.08984 -1.86545e-12
-1.08594 -2.02125e-12
-1.08203 -2.19573e-12
-1.07812 -2.39318e-12
-1.07422 -2.61675e-12
-1.07031 -2.86517e-12
-1.06641 -3.15972e-12
-1.0625 -3.49635e-12
-1.05859 -3.88771e-12
-1.05469 -4.34767e-12
-1.05078 -4.89347e-12
-1.04688 -5.55058e-12
-1.04297 -6.35079e-12
-1.03906 -7.344e-12
-1.03516 -8.60655e-12
-1.03125 -1.03167e-11
-1.02734 -1.37033e-11
-1.02344 -3.75429e-11
-1.01953 -4.00937e-10
-1.01562 -6.6175e-09
-1.01172 -1.14248e-07
-1.00781 -1.98244e-06
-1.00391 -3.43791e-05
-1 -0.000320305
-0.996094 0.000185088
-0.992188 0.000253421
-0.988281 0.000303533
-0.984375 0.000346074
-0.980469 0.000383738
-0.976562 0.000417867
-0.972656 0.000449275
-0.96875 0.000478504
-0.964844 0.000505933
-0.960938 0.000531843
-0.957031 0.000556448
-0.953125 0.000579914
-0.949219 0.000602375
-0.945312 0.00062394
-0.941406 0.000644699
-0.9375 0.000664727
-0.933594 0.00068409
-0.929688 0.000702842
-0.925781 0.00072103
-0.921875 0.000738697
-0.917969 0.000755879
-0.914062 0.000772609
-0.910156 0.000788914
-0.90625 0.000804822
-0.902344 0.000820355
-0.898438 0.000835534
-0.894531 0.000850379
-0.890625 0.000864905
-0.886719 0.00087913
-0.882812 0.000893067
-0.878906 0.000906731
-0.875 0.000920132
-0.871094 0.000933282
-0.867188 0.000946192
-0.863281 0.000958872
-0.859375 0.00097133
-0.855469 0.000983575
-0.851562 0.000995615
-0.847656 0.00100746
-0.84375 0.00101911
-0.839844 0.00103057
-0.835938 0.00104186
-0.832031 0.00105298
-0.828125 0.00106392
-0.824219 0.00107471
-0.820312 0.00108534
-0.816406 0.00109581
-0.8125 0.00110614
-0.808594 0.00111632
-0.804688 0.00112637
-0.800781 0.00113627
-0.796875 0.00114604
-0.792969 0.00115569
-0.789062 0.0011652
-0.785156 0.0011746
-0.78125 0.00118387
-0.777344 0.00119302
-0.773438 0.00120206
-0.769531 0.00121099
-0.765625 0.00121981
-0.761719 0.00122852
-0.757812 0.00123712
-0.753906 0.00124562
-0.75 0.00125402
-0.746094 0.00126232
-0.742188 0.00127052
-0.738281 0.00127863
-0.734375 0.00128665
-0.730469 0.00129457
-0.726562 0.0013024
-0.722656 0.00131015
-0.71875 0.00131781
-0.714844 0.00132538
-0.710938 0.00133287
-0.707031 0.00134027
-0.703125 0.0013476
-0.699219 0.00135484
-0.695312 0.00136201
-0.691406 0.0013691
-0.6875 0.00137611
-0.683594 0.00138305
-0.679688 0.00138991
-0.675781 0.0013967
-0.671875 0.00140342
-0.667969 0.00141007
-0.664062 0.00141665
-0.660156 0.00142316
-0.65625 0.00142961
-0.652344 0.00143598
-0.648438 0.00144229
-0.644531 0.00144854
-0.640625 0.00145472
-0.636719 0.00146083
-0.632812 0.00146689
-0.628906 0.00147288
-0.625 0.00147881
-0.621094 0.00148468
-0.617188 0.0014905
-0.613281 0.00149625
-0.609375 0.00150194
-0.605469 0.00150758
-0.601562 0.00151316
-0.597656 0.00151868
-0.59375 0.00152415
-0.589844 0.00152956
-0.585938 0.00153492
-0.582031 0.00154022
-0.578125 0.00154547
-0.574219 0.00155067
-0.570312 0.00155581
-0.566406 0.0015609
-0.5625 0.00156594
-0.558594 0.00157093
-0.554688 0.00157587
-0.550781 0.00158076
-0.546875 0.0015856
-0.542969 0.00159039
-0.539062 0.00159514
-0.535156 0.00159983
-0.53125 0.00160448
-0.527344 0.00160908
-0.523438 0.00161363
-0.519531 0.00161814
-0.515625 0.0016226
-0.511719 0.00162701
-0.507812 0.00163138
-0.503906 0.0016357
-0.5 0.00163998
-0.496094 0.00164422
-0.492188 0.00164841
-0.488281 0.00165256
-0.484375 0.00165666
-0.480469 0.00166072
-0.476562 0.00166474
-0.472656 0.00166872
-0.46875 0.00167265
-0.464844 0.00167654
-0.460938 0.00168039
-0.457031 0.0016842
-0.453125 0.00168797
-0.449219 0.0016917
-0.445312 0.00169539
-0.441406 0.00169904
-0.4375 0.00170264
-0.433594 0.00170621
-0.429688 0.00170974
-0.425781 0.00171323
-0.421875 0.00171668
-0.417969 0.00172009
-0.414062 0.00172347
-0.410156 0.0017268
-0.40625 0.0017301
-0.402344 0.00173336
-0.398438 0.00173658
-0.394531 0.00173977
-0.390625 0.00174292
-0.386719 0.00174603
-0.382812 0.0017491
-0.378906 0.00175214
-0.375 0.00175514
-0.371094 0.00175811
-0.367188 0.00176104
-0.363281 0.00176393
-0.359375 0.00176679
-0.355469 0.00176961
-0.351562 0.0017724
-0.347656 0.00177515
-0.34375 0.00177787
-0.339844 0.00178055
-0.335938 0.0017832
-0.332031 0.00178581
-0.328125 0.00178839
-0.324219 0.00179093
-0.320312 0.00179344
-0.316406 0.00179592
-0.3125 0.00179836
-0.308594 0.00180077
-0.304688 0.00180315
-0.300781 0.00180549
-0.296875 0.0018078
-0.292969 0.00181008
-0.289062 0.00181232
-0.285156 0.00181453
-0.28125 0.00181671
-0.277344 0.00181886
-0.273438 0.00182097
-0.269531 0.00182305
-0.265625 0.0018251
-0.261719 0.00182712
-0.257812 0.0018291
-0.253906 0.00183105
-0.25 0.00183297
-0.246094 0.00183486
-0.242188 0.00183672
-0.238281 0.00183854
-0.234375 0.00184034
-0.230469 0.0018421
-0.226562 0.00184383
-0.222656 0.00184553
-0.21875 0.0018472
-0.214844 0.00184884
-0.210938 0.00185045
-0.207031 0.00185202
-0.203125 0.00185357
-0.199219 0.00185508
-0.195312 0.00185657
-0.191406 0.00185802
-0.1875 0.00185944
-0.183594 0.00186084
-0.179688 0.0018622
-0.175781 0.00186353
-0.171875 0.00186483
-0.167969 0.00186611
-0.164062 0.00186735
-0.160156 0.00186856
-0.15625 0.00186974
-0.152344 0.00187089
-0.148438 0.00187202
-0.144531 0.00187311
-0.140625 0.00187417
-0.136719 0.0018752
-0.132812 0.00187621
-0.128906 0.00187718
-0.125 0.00187812
-0.121094 0.00187904
-0.117188 0.00187992
-0.113281 0.00188078
-0.109375 0.00188161
-0.105469 0.0018824
-0.101562 0.00188317
-0.0976562 0.00188391
-0.09375 0.00188462
-0.0898438 0.0018853
-0.0859375 0.00188595
-0.0820312 0.00188657
-0.078125 0.00188716
-0.0742188 0.00188773
-0.0703125 0.00188826
-0.0664062 0.00188877
-0.0625 0.00188924
-0.0585938 0.00188969
-0.0546875 0.00189011
-0.0507812 0.0018905
-0.046875 0.00189086
-0.0429688 0.00189119
-0.0390625 0.00189149
-0.0351562 0.00189177
-0.03125 0.00189201
-0.0273438 0.00189223
-0.0234375 0.00189242
-0.0195312 0.00189258
-0.015625 0.00189271
-0.0117188 0.00189281
-0.0078125 0.00189288
-0.00390625 0.00189292
0 0.00189294
0.00390625 0.00189292
0.0078125 0.00189288
0.0117188 0.00189281
0.015625 0.00189271
0.0195312 0.00189258
0.0234375 0.00189242
0.0273438 0.00189223
0.03125 0.00189201
0.0351562 0.00189177
0.0390625 0.00189149
0.0429688 0.00189119
0.046875 0.00189086
0.0507812 0.0018905
0.0546875 0.00189011
0.0585938 0.00188969
0.0625 0.00188924
0.0664062 0.00188877
0.0703125 0.00188826
0.0742188 0.00188773
0.078125 0.00188716
0.0820312 0.00188657
0.0859375 0.00188595
0.0898438 0.0018853
0.09375 0.00188462
0.0976562 0.00188391
0.101562 0.00188317
0.105469 0.0018824
0.109375 0.00188161
0.113281 0.00188078
0.117188 0.00187992
0.121094 0.00187904
0.125 0.00187812
0.128906 0.00187718
0.132812 0.00187621
0.136719 0.0018752
0.140625 0.00187417
0.144531 0.00187311
0.148438 0.00187202
0.152344 0.00187089
0.15625 0.00186974
0.160156 0.00186856
0.164062 0.00186735
0.167969 0.00186611
0.171875 0.00186483
0.175781 0.00186353
0.179688 0.0018622
0.183594 0.00186084
0.1875 0.00185944
0.191406 0.00185802
0.195312 0.00185657
0.199219 0.00185508
0.203125 0.00185357
0.207031 0.00185202
0.210938 0.00185045
0.214844 0.00184884
0.21875 0.0018472
0.222656 0.00184553
0.226562 0.00184383
0.230469 0.0018421
0.234375 0.00184034
0.238281 0.00183854
0.242188 0.00183672
0.246094 0.00183486
0.25 0.00183297
0.253906 0.00183105
0.257812 0.0018291
0.261719 0.00182712
0.265625 0.0018251
0.269531 0.00182305
0.273438 0.00182097
0.277344 0.00181886
0.28125 0.00181671
0.285156 0.00181453
0.289062 0.00181232
0.292969 0.00181008
0.296875 0.0018078
0.300781 0.00180549
0.304688 0.00180315
0.308594 0.00180077
0.3125 0.00179836
0.316406 0.00179592
0.320312 0.00179344
0.324219 0.00179093
0.328125 0.00178839
0.332031 0.00178581
0.335938 0.0017832
0.339844 0.00178055
0.34375 0.00177787
0.347656 0.00177515
0.351562 0.0017724
0.355469 0.00176961
0.359375 0.00176679
0.363281 0.00176393
0.367188 0.00176104
0.371094 0.00175811
0.375 0.00175514
0.378906 0.00175214
0.382812 0.0017491
0.386719 0.00174603
0.390625 0.00174292
0.394531 0.00173977
0.398438 0.00173658
0.402344 0.00173336
0.40625 0.0017301
0.410156 0.0017268
0.414062 0.00172347
0.417969 0.00172009
0.421875 0.00171668
0.425781 0.00171323
0.429688 0.00170974
0.433594 0.00170621
0.4375 0.00170264
0.441406 0.00169904
0.445312 0.00169539
0.449219 0.0016917
0.453125 0.00168797
0.457031 0.0016842
0.460938 0.00168039
0.464844 0.00167654
0.46875 0.00167265
0.472656 0.00166872
0.476562 0.00166474
0.480469 0.00166072
0.484375 0.00165666
0.488281 0.00165256
0.492188 0.00164841
0.496094 0.00164422
0.5 0.00163998
0.503906 0.0016357
0.507812 0.00163138
0.511719 0.00162701
0.515625 0.0016226
0.519531 0.00161814
0.523438 0.00161363
0.527344 0.00160908
0.53125 0.00160448
0.535156 0.00159983
0.539062 0.00159514
0.542969 0.00159039
0.546875 0.0015856
0.550781 0.00158076
0.554688 0.00157587
0.558594 0.00157093
0.5625 0.00156594
0.566406 0.0015609
0.570312 0.00155581
0.574219 0.00155067
0.578125 0.00154547
0.582031 0.00154022
0.585938 0.00153492
0.589844 0.00152956
0.59375 0.00152415
0.597656 0.00151868
0.601562 0.00151316
0.605469 0.00150758
0.609375 0.00150194
0.613281 0.00149625
0.617188 0.0014905
0.621094 0.00148468
0.625 0.00147881
0.628906 0.00147288
0.632812 0.00146689
0.636719 0.00146083
0.640625 0.00145472
0.644531 0.00144854
0.648438 0.00144229
0.652344 0.00143598
0.65625 0.00142961
0.660156 0.00142316
0.664062 0.00141665
0.667969 0.00141007
0.671875 0.00140342
0.675781 0.0013967
0.679688 0.00138991
0.683594 0.00138305
0.6875 0.00137611
0.691406 0.0013691
0.695312 0.00136201
0.699219 0.00135484
0.703125 0.0013476
0.707031 0.00134027
0.710938 0.00133287
0.714844 0.00132538
0.71875 0.00131781
0.722656 0.00131015
0.726562 0.0013024
0.730469 0.00129457
0.734375 0.00128665
0.738281 0.00127863
0.742188 0.00127052
0.746094 0.00126232
0.75 0.00125402
0.753906 0.00124562
0.757812 0.00123712
0.761719 0.00122852
0.765625 0.00121981
0.769531 0.00121099
0.773438 0.00120206
0.777344 0.00119302
0.78125 0.00118387
0.785156 0.0011746
0.789062 0.0011652
0.792969 0.00115569
0.796875 0.00114604
0.800781 0.00113627
0.804688 0.00112637
0.808594 0.00111632
0.8125 0.00110614
0.816406 0.00109581
0.820312 0.00108534
0.824219 0.00107471
0.828125 0.00106392
0.832031 0.00105298
0.835938 0.00104186
0.839844 0.00103057
0.84375 0.00101911
0.847656 0.00100746
0.851562 0.000995615
0.855469 0.000983575
0.859375 0.00097133
0.863281 0.000958872
0.867188 0.000946192
0.871094 0.000933282
0.875 0.000920132
0.878906 0.000906731
0.882812 0.000893067
0.886719 0.00087913
0.890625 0.000864905
0.894531 0.000850379
0.898438 0.000835534
0.902344 0.000820355
0.90625 0.000804822
0.910156 0.000788914
0.914062 0.000772609
0.917969 0.000755879
0.921875 0.000738697
0.925781 0.00072103
0.929688 0.000702842
0.933594 0.00068409
0.9375 0.000664727
0.941406 0.000644699
0.945312 0.00062394
0.949219 0.000602375
0.953125 0.000579914
0.957031 0.000556448
0.960938 0.000531843
0.964844 0.000505933
0.96875 0.000478504
0.972656 0.000449275
0.976562 0.000417867
0.980469 0.000383738
0.984375 0.000346074
0.988281 0.000303533
0.992188 0.000253421
0.996094 0.000185088
1 -0.000320305
1.00391 -3.43791e-05
1.00781 -1.98244e-06
1.01172 -1.14248e-07
1.01562 -6.6175e-09
1.01953 -4.00937e-10
1.02344 -3.75429e-11
1.02734 -1.37033e-11
1.03125 -1.03167e-11
1.03516 -8.60655e-12
1.03906 -7.344e-12
1.04297 -6.35079e-12
1.04688 -5.55058e-12
1.05078 -4.89347e-12
1.05469 -4.34767e-12
1.05859 -3.88771e-12
1.0625 -3.49635e-12
1.06641 -3.15972e-12
1.07031 -2.86517e-12
1.07422 -2.61675e-12
1.07812 -2.39318e-12
1.08203 -2.19573e-12
1.08594 -2.02125e-12
1.08984 -1.86545e-12
1.09375 -1.72611e-12
1.09766 -1.60075e-12
1.10156 -1.4877e-12
1.10547 -1.38529e-12
1.10938 -1.29231e-12
1.11328 -1.20779e-12
1.11719 -1.12985e-12
1.12109 -1.05935e-12
1.125 -9.94522e-13
1.12891 -9.34787e-13
1.13281 -8.79685e-13
1.13672 -8.2882e-13
1.14062 -7.81753e-13
1.14453 -7.38151e-13
1.14844 -6.97677e-13
1.15234 -6.60072e-13
1.15625 -6.25018e-13
1.16016 -5.92346e-13
1.16406 -5.61543e-13
1.16797 -5.31924e-13
1.17188 -5.07257e-13
1.17578 -4.81682e-13
1.17969 -4.58084e-13
1.18359 -4.36883e-13
1.1875 -4.15979e-13
1.19141 -3.96219e-13
1.19531 -3.77876e-13
1.19922 -3.60644e-13
1.20312 -3.44248e-13
1.20703 -3.28884e-13
1.21094 -3.14344e-13
1.21484 -3.00618e-13
1.21875 -2.8763e-13
1.22266 -2.75306e-13
1.22656 -2.63643e-13
1.23047 -2.52585e-13
1.23438 -2.42074e-13
1.23828 -2.32096e-13
1.24219 -2.22632e-13
1.24609 -2.13604e-13
1.25 -2.05052e-13
1.25391 -1.96981e-13
1.25781 -1.89116e-13
1.26172 -1.81814e-13
1.26562 -1.74826e-13
1.26953 -1.6814e-13
1.27344 -1.61613e-13
1.27734 -1.55116e-13
1.28125 -1.49661e-13
1.28516 -1.44101e-13
1.28906 -1.38771e-13
1.29297 -1.33684e-13
1.29688 -1.28819e-13
1.30078 -1.24156e-13
1.30469 -1.19693e-13
1.30859 -1.1542e-13
1.3125 -1.11327e-13
1.31641 -1.07405e-13
1.32031 -1.03646e-13
1.32422 -1.00045e-13
1.32812 -9.65965e-14
1.33203 -9.32848e-14
1.33594 -9.01009e-14
1.33984 -8.70448e-14
1.34375 -8.41099e-14
1.34766 -8.12911e-14
1.35156 -7.85823e-14
1.35547 -7.5985e-14
1.35938 -7.3491e-14
1.36328 -7.10866e-14
1.36719 -6.87725e-14
1.37109 -6.65435e-14
1.375 -6.43997e-14
1.37891 -6.23225e-14
1.38281 -6.00207e-14
1.38672 -5.78161e-14
1.39062 -5.71592e-14
1.39453 -5.48887e-14
1.39844 -5.31527e-14
1.40234 -5.15362e-14
1.40625 -4.98324e-14
1.41016 -4.84167e-14
1.41406 -4.69636e-14
1.41797 -4.53581e-14
1.42188 -4.41015e-14
1.42578 -4.27672e-14
1.42969 -4.1467e-14
1.43359 -4.01985e-14
1.4375 -3.90272e-14
1.44141 -3.77531e-14
1.44531 -3.67402e-14
1.44922 -3.61856e-14
1.45312 -3.46937e-14
1.45703 -3.36648e-14
1.46094 -3.27078e-14
1.46484 -3.17872e-14
1.46875 -3.08693e-14
1.47266 -2.99955e-14
1.47656 -2.91453e-14
1.48047 -2.83228e-14
1.48438 -2.75445e-14
1.48828 -2.67715e-14
1.49219 -2.60274e-14
1.49609 -2.5319e-14
1.5 -2.46023e-14
