-1.5 -3.56613e-13
-1.49219 -2.44014e-12
-1.48438 -4.40499e-13
-1.47656 -2.90869e-12
-1.46875 -5.74126e-13
-1.46094 -3.23918e-12
-1.45312 -7.84994e-13
-1.44531 -3.21095e-12
-1.4375 -1.16416e-12
-1.42969 -3.68445e-12
-1.42188 -1.88606e-12
-1.41406 -4.85074e-12
-1.40625 -3.28818e-12
-1.39844 -7.33828e-12
-1.39062 -6.13258e-12
-1.38281 -1.13235e-11
-1.375 -1.18908e-11
-1.36719 -1.94851e-11
-1.35938 -2.36672e-11
-1.35156 -3.64129e-11
-1.34375 -4.78774e-11
-1.33594 -7.10824e-11
-1.32812 -9.77991e-11
-1.32031 -1.42859e-10
-1.3125 -2.00925e-10
-1.30469 -2.91042e-10
-1.29688 -4.14209e-10
-1.28906 -5.97897e-10
-1.28125 -8.55689e-10
-1.27344 -1.23324e-09
-1.26562 -1.77009e-09
-1.25781 -2.51528e-09
-1.25391 -8.14655e-10
-1.25 -3.61334e-09
-1.24609 -1.91172e-09
-1.24219 -5.20929e-09
-1.23828 -3.26307e-09
-1.23438 -7.47897e-09
-1.23047 -5.38963e-09
-1.22656 -1.07481e-08
-1.22266 -8.67727e-09
-1.21875 -1.54413e-08
-1.21484 -1.3683e-08
-1.21094 -2.21963e-08
-1.20703 -2.12051e-08
-1.20312 -3.19044e-08
-1.19922 -3.23797e-08
-1.19531 -4.56482e-08
-1.19141 -5.33871e-08
-1.1875 -6.58411e-08
-1.18359 -7.91091e-08
-1.17969 -9.48388e-08
-1.17578 -1.13771e-07
-1.17188 -1.36417e-07
-1.16797 -1.6365e-07
-1.16406 -1.96249e-07
-1.16016 -2.35418e-07
-1.15625 -2.82332e-07
-1.15234 -3.38678e-07
-1.14844 -4.06197e-07
-1.14453 -4.87247e-07
-1.14062 -5.84396e-07
-1.13672 -7.00993e-07
-1.13281 -8.40759e-07
-1.12891 -1.00846e-06
-1.125 -1.20949e-06
-1.12109 -1.45066e-06
-1.11719 -1.73976e-06
-1.11328 -2.08647e-06
-1.10938 -2.50204e-06
-1.10547 -3.0003e-06
-1.10156 -3.59738e-06
-1.09766 -4.31302e-06
-1.09375 -5.1703e-06
-1.08984 -6.19735e-06
-1.08594 -7.42711e-06
-1.08203 -8.8995e-06
-1.07812 -1.06613e-05
-1.07422 -1.27689e-05
-1.07031 -1.52884e-05
-1.06641 -1.8299e-05
-1.0625 -2.18931e-05
-1.05859 -2.61806e-05
-1.05469 -3.12887e-05
-1.05078 -3.73673e-05
-1.04688 -4.45875e-05
-1.04297 -5.31468e-05
-1.03906 -6.32641e-05
-1.03516 -7.51818e-05
-1.03125 -8.91497e-05
-1.02734 -0.000105412
-1.02344 -0.000124155
-1.01953 -0.000145429
-1.01562 -0.000168947
-1.01172 -0.000193674
-1.00781 -0.000216682
-1.00391 -0.000229574
-1 -2.46175e-05
-0.996094 0.000203139
-0.992188 0.00029113
-0.988281 0.000355641
-0.984375 0.000407416
-0.980469 0.00045106
-0.976562 0.000489071
-0.972656 0.000522774
-0.96875 0.000553384
-0.964844 0.000581296
-0.960938 0.0006073
-0.957031 0.000631448
-0.953125 0.000654345
-0.949219 0.000675866
-0.945312 0.000696535
-0.941406 0.000716149
-0.9375 0.000735112
-0.933594 0.000753259
-0.929688 0.000770884
-0.925781 0.000787844
-0.921875 0.0008044
-0.917969 0.0008204
-0.914062 0.000836049
-0.910156 0.000851235
-0.90625 0.000866111
-0.902344 0.000880586
-0.898438 0.0008948
-0.894531 0.00090866
-0.890625 0.000922278
-0.886719 0.000935582
-0.882812 0.000948674
-0.878906 0.000961484
-0.875 0.000974093
-0.871094 0.000986446
-0.867188 0.00099862
-0.863281 0.00101056
-0.859375 0.00102233
-0.855469 0.00103388
-0.851562 0.00104528
-0.847656 0.00105647
-0.84375 0.00106752
-0.839844 0.00107838
-0.835938 0.0010891
-0.832031 0.00109965
-0.828125 0.00111007
-0.824219 0.00112031
-0.820312 0.00113045
-0.816406 0.00114041
-0.8125 0.00115027
-0.808594 0.00115997
-0.804688 0.00116958
-0.800781 0.00117903
-0.796875 0.00118838
-0.792969 0.00119759
-0.789062 0.00120672
-0.785156 0.0012157
-0.78125 0.0012246
-0.777344 0.00123335
-0.773438 0.00124205
-0.769531 0.00125059
-0.765625 0.00125908
-0.761719 0.00126742
-0.757812 0.00127572
-0.753906 0.00128385
-0.75 0.00129197
-0.746094 0.0012999
-0.742188 0.00130786
-0.738281 0.00131558
-0.734375 0.0013234
-0.730469 0.00132518
-0.726562 0.00133859
-0.722656 0.00133867
-0.71875 0.00135345
-0.714844 0.00135328
-0.710938 0.00136799
-0.707031 0.00136758
-0.703125 0.00138222
-0.699219 0.00138158
-0.695312 0.00139615
-0.691406 0.00139528
-0.6875 0.0014098
-0.683594 0.0014087
-0.679688 0.00142315
-0.675781 0.00142184
-0.671875 0.00143624
-0.667969 0.00143472
-0.664062 0.00144906
-0.660156 0.00144733
-0.65625 0.00146161
-0.652344 0.00145968
-0.648438 0.00147391
-0.644531 0.00147179
-0.640625 0.00148597
-0.636719 0.00148365
-0.632812 0.00149778
-0.628906 0.00149528
-0.625 0.00150936
-0.621094 0.00150667
-0.617188 0.00152071
-0.613281 0.00151784
-0.609375 0.00153183
-0.605469 0.00152879
-0.601562 0.00154274
-0.597656 0.00153952
-0.59375 0.00155342
-0.589844 0.00155003
-0.585938 0.0015639
-0.582031 0.00156035
-0.578125 0.00157417
-0.574219 0.00157045
-0.570312 0.00158423
-0.566406 0.00158036
-0.5625 0.0015941
-0.558594 0.00159007
-0.554688 0.00160377
-0.550781 0.00159959
-0.546875 0.00161325
-0.542969 0.00160891
-0.539062 0.00162254
-0.535156 0.00161806
-0.53125 0.00163165
-0.527344 0.00162702
-0.523438 0.00164057
-0.519531 0.0016358
-0.515625 0.00164931
-0.511719 0.0016444
-0.507812 0.00165788
-0.503906 0.00165283
-0.5 0.00166627
-0.496094 0.00166109
-0.492188 0.00167449
-0.488281 0.00166918
-0.484375 0.00168255
-0.480469 0.0016771
-0.476562 0.00169044
-0.472656 0.00168486
-0.46875 0.00169816
-0.464844 0.00169246
-0.460938 0.00170572
-0.457031 0.00169989
-0.453125 0.00171312
-0.449219 0.00170717
-0.445312 0.00172037
-0.441406 0.0017143
-0.4375 0.00172746
-0.433594 0.00172127
-0.429688 0.00173439
-0.425781 0.00172809
-0.421875 0.00174117
-0.417969 0.00173475
-0.414062 0.00174781
-0.410156 0.00174127
-0.40625 0.00175429
-0.402344 0.00174765
-0.398438 0.00176063
-0.394531 0.00175388
-0.390625 0.00176682
-0.386719 0.00175996
-0.382812 0.00177287
-0.378906 0.0017659
-0.375 0.00177878
-0.371094 0.00177171
-0.367188 0.00178455
-0.363281 0.00177737
-0.359375 0.00179018
-0.355469 0.0017829
-0.351562 0.00179566
-0.347656 0.00178828
-0.34375 0.00180102
-0.339844 0.00179354
-0.335938 0.00180623
-0.332031 0.00179866
-0.328125 0.00181132
-0.324219 0.00180364
-0.320312 0.00181627
-0.316406 0.0018085
-0.3125 0.00182108
-0.308594 0.00181322
-0.304688 0.00182577
-0.300781 0.00181781
-0.296875 0.00183033
-0.292969 0.00182228
-0.289062 0.00183475
-0.285156 0.00182661
-0.28125 0.00183905
-0.277344 0.00183082
-0.273438 0.00184322
-0.269531 0.00183491
-0.265625 0.00184727
-0.261719 0.00183887
-0.257812 0.00185118
-0.253906 0.0018427
-0.25 0.00185498
-0.246094 0.00184641
-0.242188 0.00185865
-0.238281 0.00185
-0.234375 0.0018622
-0.230469 0.00185346
-0.226562 0.00186562
-0.222656 0.0018568
-0.21875 0.00186892
-0.214844 0.00186002
-0.210938 0.0018721
-0.207031 0.00186313
-0.203125 0.00187516
-0.199219 0.00186611
-0.195312 0.0018781
-0.191406 0.00186897
-0.1875 0.00188092
-0.183594 0.00187171
-0.179688 0.00188362
-0.175781 0.00187434
-0.171875 0.0018862
-0.167969 0.00187685
-0.164062 0.00188867
-0.160156 0.00187924
-0.15625 0.00189101
-0.152344 0.00188151
-0.148438 0.00189324
-0.144531 0.00188367
-0.140625 0.00189536
-0.136719 0.00188571
-0.132812 0.00189735
-0.128906 0.00188764
-0.125 0.00189923
-0.121094 0.00188945
-0.117188 0.001901
-0.113281 0.00189115
-0.109375 0.00190265
-0.105469 0.00189273
-0.101562 0.00190418
-0.0976562 0.0018942
-0.09375 0.0019056
-0.0898438 0.00189556
-0.0859375 0.00190691
-0.0820312 0.0018968
-0.078125 0.0019081
-0.0742188 0.00189792
-0.0703125 0.00190917
-0.0664062 0.00189894
-0.0625 0.00191014
-0.0585938 0.00189984
-0.0546875 0.00191099
-0.0507812 0.00190063
-0.046875 0.00191172
-0.0429688 0.0019013
-0.0390625 0.00191234
-0.0351562 0.00190186
-0.03125 0.00191285
-0.0273438 0.00190231
-0.0234375 0.00191325
-0.0195312 0.00190265
-0.015625 0.00191353
-0.0117188 0.00190287
-0.0078125 0.0019137
-0.00390625 0.00190299
0 0.00191376
0.00390625 0.00190299
0.0078125 0.0019137
0.0117188 0.00190287
0.015625 0.00191353
0.0195312 0.00190265
0.0234375 0.00191325
0.0273438 0.00190231
0.03125 0.00191285
0.0351562 0.00190186
0.0390625 0.00191234
0.0429688 0.0019013
0.046875 0.00191172
0.0507812 0.00190063
0.0546875 0.00191099
0.0585938 0.00189984
0.0625 0.00191014
0.0664062 0.00189894
0.0703125 0.00190917
0.0742188 0.00189792
0.078125 0.0019081
0.0820312 0.0018968
0.0859375 0.00190691
0.0898438 0.00189556
0.09375 0.0019056
0.0976562 0.0018942
0.101562 0.00190418
0.105469 0.00189273
0.109375 0.00190265
0.113281 0.00189115
0.117188 0.001901
0.121094 0.00188945
0.125 0.00189923
0.128906 0.00188764
0.132812 0.00189735
0.136719 0.00188571
0.140625 0.00189536
0.144531 0.00188367
0.148438 0.00189324
0.152344 0.00188151
0.15625 0.00189101
0.160156 0.00187924
0.164062 0.00188867
0.167969 0.00187685
0.171875 0.0018862
0.175781 0.00187434
0.179688 0.00188362
0.183594 0.00187171
0.1875 0.00188092
0.191406 0.00186897
0.195312 0.0018781
0.199219 0.00186611
0.203125 0.00187516
0.207031 0.00186313
0.210938 0.0018721
0.214844 0.00186002
0.21875 0.00186892
0.222656 0.0018568
0.226562 0.00186562
0.230469 0.00185346
0.234375 0.0018622
0.238281 0.00185
0.242188 0.00185865
0.246094 0.00184641
0.25 0.00185498
0.253906 0.0018427
0.257812 0.00185118
0.261719 0.00183887
0.265625 0.00184727
0.269531 0.00183491
0.273438 0.00184322
0.277344 0.00183082
0.28125 0.00183905
0.285156 0.00182661
0.289062 0.00183475
0.292969 0.00182228
0.296875 0.00183033
0.300781 0.00181781
0.304688 0.00182577
0.308594 0.00181322
0.3125 0.00182108
0.316406 0.0018085
0.320312 0.00181627
0.324219 0.00180364
0.328125 0.00181132
0.332031 0.00179866
0.335938 0.00180623
0.339844 0.00179354
0.34375 0.00180102
0.347656 0.00178828
0.351562 0.00179566
0.355469 0.0017829
0.359375 0.00179018
0.363281 0.00177737
0.367188 0.00178455
0.371094 0.00177171
0.375 0.00177878
0.378906 0.0017659
0.382812 0.00177287
0.386719 0.00175996
0.390625 0.00176682
0.394531 0.00175388
0.398438 0.00176063
0.402344 0.00174765
0.40625 0.00175429
0.410156 0.00174127
0.414062 0.00174781
0.417969 0.00173475
0.421875 0.00174117
0.425781 0.00172809
0.429688 0.00173439
0.433594 0.00172127
0.4375 0.00172746
0.441406 0.0017143
0.445312 0.00172037
0.449219 0.00170717
0.453125 0.00171312
0.457031 0.00169989
0.460938 0.00170572
0.464844 0.00169246
0.46875 0.00169816
0.472656 0.00168486
0.476562 0.00169044
0.480469 0.0016771
0.484375 0.00168255
0.488281 0.00166918
0.492188 0.00167449
0.496094 0.00166109
0.5 0.00166627
0.503906 0.00165283
0.507812 0.00165788
0.511719 0.0016444
0.515625 0.00164931
0.519531 0.0016358
0.523438 0.00164057
0.527344 0.00162702
0.53125 0.00163165
0.535156 0.00161806
0.539062 0.00162254
0.542969 0.00160891
0.546875 0.00161325
0.550781 0.00159959
0.554688 0.00160377
0.558594 0.00159007
0.5625 0.0015941
0.566406 0.00158036
0.570312 0.00158423
0.574219 0.00157045
0.578125 0.00157417
0.582031 0.00156035
0.585938 0.0015639
0.589844 0.00155003
0.59375 0.00155342
0.597656 0.00153952
0.601562 0.00154274
0.605469 0.00152879
0.609375 0.00153183
0.613281 0.00151784
0.617188 0.00152071
0.621094 0.00150667
0.625 0.00150936
0.628906 0.00149528
0.632812 0.00149778
0.636719 0.00148365
0.640625 0.00148597
0.644531 0.00147179
0.648438 0.00147391
0.652344 0.00145968
0.65625 0.00146161
0.660156 0.00144733
0.664062 0.00144906
0.667969 0.00143472
0.671875 0.00143624
0.675781 0.00142184
0.679688 0.00142315
0.683594 0.0014087
0.6875 0.0014098
0.691406 0.00139528
0.695312 0.00139615
0.699219 0.00138158
0.703125 0.00138222
0.707031 0.00136758
0.710938 0.00136799
0.714844 0.00135328
0.71875 0.00135345
0.722656 0.00133867
0.726562 0.00133859
0.730469 0.00132518
0.734375 0.0013234
0.738281 0.00131558
0.742188 0.00130786
0.746094 0.0012999
0.75 0.00129197
0.753906 0.00128385
0.757812 0.00127572
0.761719 0.00126742
0.765625 0.00125908
0.769531 0.00125059
0.773438 0.00124205
0.777344 0.00123335
0.78125 0.0012246
0.785156 0.0012157
0.789062 0.00120672
0.792969 0.00119759
0.796875 0.00118838
0.800781 0.00117903
0.804688 0.00116958
0.808594 0.00115997
0.8125 0.00115027
0.816406 0.00114041
0.820312 0.00113045
0.824219 0.00112031
0.828125 0.00111007
0.832031 0.00109965
0.835938 0.0010891
0.839844 0.00107838
0.84375 0.00106752
0.847656 0.00105647
0.851562 0.00104528
0.855469 0.00103388
0.859375 0.00102233
0.863281 0.00101056
0.867188 0.00099862
0.871094 0.000986446
0.875 0.000974093
0.878906 0.000961484
0.882812 0.000948674
0.886719 0.000935582
0.890625 0.000922278
0.894531 0.00090866
0.898438 0.0008948
0.902344 0.000880586
0.90625 0.000866111
0.910156 0.000851235
0.914062 0.000836049
0.917969 0.0008204
0.921875 0.0008044
0.925781 0.000787844
0.929688 0.000770884
0.933594 0.000753259
0.9375 0.000735112
0.941406 0.000716149
0.945312 0.000696535
0.949219 0.000675866
0.953125 0.000654345
0.957031 0.000631448
0.960938 0.0006073
0.964844 0.000581296
0.96875 0.000553384
0.972656 0.000522774
0.976562 0.000489071
0.980469 0.00045106
0.984375 0.000407416
0.988281 0.000355641
0.992188 0.00029113
0.996094 0.000203139
1 -2.46175e-05
1.00391 -0.000229574
1.00781 -0.000216682
1.01172 -0.000193674
1.01562 -0.000168947
1.01953 -0.000145429
1.02344 -0.000124155
1.02734 -0.000105412
1.03125 -8.91497e-05
1.03516 -7.51818e-05
1.03906 -6.32641e-05
1.04297 -5.31468e-05
1.04688 -4.45875e-05
1.05078 -3.73673e-05
1.05469 -3.12887e-05
1.05859 -2.61806e-05
1.0625 -2.18931e-05
1.06641 -1.8299e-05
1.07031 -1.52884e-05
1.07422 -1.27689e-05
1.07812 -1.06613e-05
1.08203 -8.8995e-06
1.08594 -7.42711e-06
1.08984 -6.19735e-06
1.09375 -5.1703e-06
1.09766 -4.31302e-06
1.10156 -3.59738e-06
1.10547 -3.0003e-06
1.10938 -2.50204e-06
1.11328 -2.08647e-06
1.11719 -1.73976e-06
1.12109 -1.45066e-06
1.125 -1.20949e-06
1.12891 -1.00846e-06
1.13281 -8.40759e-07
1.13672 -7.00993e-07
1.14062 -5.84396e-07
1.14453 -4.87247e-07
1.14844 -4.06197e-07
1.15234 -3.38678e-07
1.15625 -2.82332e-07
1.16016 -2.35418e-07
1.16406 -1.96249e-07
1.16797 -1.6365e-07
1.17188 -1.36417e-07
1.17578 -1.13771e-07
1.17969 -9.48388e-08
1.18359 -7.91091e-08
1.1875 -6.58411e-08
1.19141 -5.33871e-08
1.19531 -4.56482e-08
1.19922 -3.23797e-08
1.20312 -3.19044e-08
1.20703 -2.12051e-08
1.21094 -2.21963e-08
1.21484 -1.3683e-08
1.21875 -1.54413e-08
1.22266 -8.67727e-09
1.22656 -1.07481e-08
1.23047 -5.38963e-09
1.23438 -7.47897e-09
1.23828 -3.26307e-09
1.24219 -5.20929e-09
1.24609 -1.91172e-09
1.25 -3.61334e-09
1.25391 -8.14655e-10
1.25781 -2.51528e-09
1.26562 -1.77009e-09
1.27344 -1.23324e-09
1.28125 -8.55689e-10
1.28906 -5.97897e-10
1.29688 -4.14209e-10
1.30469 -2.91042e-10
1.3125 -2.00925e-10
1.32031 -1.42859e-10
1.32812 -9.77991e-11
1.33594 -7.10824e-11
1.34375 -4.78774e-11
1.35156 -3.64129e-11
1.35938 -2.36672e-11
1.36719 -1.94851e-11
1.375 -1.18908e-11
1.38281 -1.13235e-11
1.39062 -6.13258e-12
1.39844 -7.33828e-12
1.40625 -3.28818e-12
1.41406 -4.85074e-12
1.42188 -1.88606e-12
1.42969 -3.68445e-12
1.4375 -1.16416e-12
1.44531 -3.21095e-12
1.45312 -7.84994e-13
1.46094 -3.23918e-12
1.46875 -5.74126e-13
1.47656 -2.90869e-12
1.48438 -4.40499e-13
1.49219 -2.44014e-12
1.5 -3.56613e-13
