-1.5 1.07933e-06
-1.46875 1.4084e-06
-1.4375 2.64733e-06
-1.40625 3.55938e-06
-1.375 5.825e-06
-1.34375 7.9361e-06
-1.3125 1.21412e-05
-1.28125 1.64714e-05
-1.25 2.47589e-05
-1.21875 3.41803e-05
-1.1875 5.03925e-05
-1.15625 7.04656e-05
-1.125 0.000104952
-1.09375 0.000151309
-1.0625 0.000234057
-1.03125 0.000366931
-1 0.000681222
-0.96875 0.000876109
-0.9375 0.00101221
-0.90625 0.00111015
-0.875 0.00120774
-0.84375 0.00128049
-0.8125 0.00135695
-0.78125 0.00141594
-0.75 0.0014785
-0.71875 0.00152928
-0.6875 0.00158049
-0.65625 0.0016239
-0.625 0.00166734
-0.59375 0.00170472
-0.5625 0.00174173
-0.53125 0.00177424
-0.5 0.00180545
-0.46875 0.00183308
-0.4375 0.00185973
-0.40625 0.00188317
-0.375 0.00190545
-0.34375 0.00192499
-0.3125 0.00194325
-0.28125 0.00195913
-0.25 0.00197363
-0.21875 0.00198592
-0.1875 0.00199692
-0.15625 0.00200577
-0.125 0.00201339
-0.09375 0.00201897
-0.0625 0.00202321
-0.03125 0.0020255
0 0.00202647
0.03125 0.0020255
0.0625 0.00202321
0.09375 0.00201897
0.125 0.00201339
0.15625 0.00200577
0.1875 0.00199692
0.21875 0.00198592
0.25 0.00197363
0.28125 0.00195913
0.3125 0.00194325
0.34375 0.00192499
0.375 0.00190545
0.40625 0.00188317
0.4375 0.00185973
0.46875 0.00183308
0.5 0.00180545
0.53125 0.00177424
0.5625 0.00174173
0.59375 0.00170472
0.625 0.00166734
0.65625 0.0016239
0.6875 0.00158049
0.71875 0.00152928
0.75 0.0014785
0.78125 0.00141594
0.8125 0.00135695
0.84375 0.00128049
0.875 0.00120774
0.90625 0.00111015
0.9375 0.00101221
0.96875 0.000876109
1 0.000681222
1.03125 0.000366931
1.0625 0.000234057
1.09375 0.000151309
1.125 0.000104952
1.15625 7.04656e-05
1.1875 5.03925e-05
1.21875 3.41803e-05
1.25 2.47589e-05
1.28125 1.64714e-05
1.3125 1.21412e-05
1.34375 7.9361e-06
1.375 5.825e-06
1.40625 3.55938e-06
1.4375 2.64733e-06
1.46875 1.4084e-06
1.5 1.07933e-06
