-1.5 -1.0042e-13
-1.49609 -5.38176e-13
-1.49219 -1.06275e-13
-1.48828 -5.84177e-13
-1.48438 -1.12579e-13
-1.48047 -6.0716e-13
-1.47656 -1.19283e-13
-1.47266 -6.57007e-13
-1.46875 -1.26552e-13
-1.46484 -6.83436e-13
-1.46094 -1.34197e-13
-1.45703 -7.37406e-13
-1.45312 -1.428e-13
-1.44922 -7.6772e-13
-1.44531 -1.52936e-13
-1.44141 -8.26098e-13
-1.4375 -1.61147e-13
-1.43359 -7.02927e-13
-1.42969 -1.7013e-13
-1.42578 -6.88873e-13
-1.42188 -1.81501e-13
-1.41797 -6.64632e-13
-1.41406 -1.93353e-13
-1.41016 -6.86756e-13
-1.40625 -2.05825e-13
-1.40234 -7.14589e-13
-1.39844 -2.20252e-13
-1.39453 -7.39517e-13
-1.39062 -2.34767e-13
-1.38672 -8.08693e-13
-1.38281 -2.47493e-13
-1.37891 -9.15802e-13
-1.375 -2.64861e-13
-1.37109 -9.29393e-13
-1.36719 -2.84675e-13
-1.36328 -9.41367e-13
-1.35938 -3.04823e-13
-1.35547 -9.53633e-13
-1.35156 -3.26324e-13
-1.34766 -9.81592e-13
-1.34375 -3.49575e-13
-1.33984 -9.96306e-13
-1.33594 -3.74808e-13
-1.33203 -1.01223e-12
-1.32812 -4.02206e-13
-1.32422 -1.04514e-12
-1.32031 -4.31989e-13
-1.31641 -1.06484e-12
-1.3125 -4.6441e-13
-1.30859 -1.10233e-12
-1.30469 -4.99744e-13
-1.30078 -1.12672e-12
-1.29688 -5.38273e-13
-1.29297 -1.16989e-12
-1.28906 -5.80335e-13
-1.28516 -1.21672e-12
-1.28125 -6.26219e-13
-1.27734 -1.25031e-12
-1.27344 -6.75689e-13
-1.26953 -1.30404e-12
-1.26562 -7.32462e-13
-1.26172 -1.36644e-12
-1.25781 -7.94586e-13
-1.25391 -1.43192e-12
-1.25 -8.61731e-13
-1.24609 -1.50456e-12
-1.24219 -9.36459e-13
-1.23828 -1.58354e-12
-1.23438 -1.01922e-12
-1.23047 -1.67146e-12
-1.22656 -1.11152e-12
-1.22266 -1.7687e-12
-1.21875 -1.21393e-12
-1.21484 -1.87678e-12
-1.21094 -1.32841e-12
-1.20703 -1.99745e-12
-1.20312 -1.45685e-12
-1.19922 -2.1329e-12
-1.19531 -1.60195e-12
-1.19141 -2.28659e-12
-1.1875 -1.76866e-12
-1.18359 -2.45917e-12
-1.17969 -1.94744e-12
-1.17578 -2.64899e-12
-1.17188 -2.15201e-12
-1.16797 -2.88409e-12
-1.16406 -2.38958e-12
-1.16016 -3.14103e-12
-1.15625 -2.66694e-12
-1.15234 -3.43379e-12
-1.14844 -2.98435e-12
-1.14453 -3.77217e-12
-1.14062 -3.35392e-12
-1.13672 -4.19177e-12
-1.13281 -3.79307e-12
-1.12891 -4.67323e-12
-1.125 -4.34135e-12
-1.12109 -5.33011e-12
-1.11719 -5.12335e-12
-1.11328 -6.34726e-12
-1.10938 -6.60302e-12
-1.10547 -8.71631e-12
-1.10156 -1.06543e-11
-1.09766 -1.61941e-11
-1.09375 -2.50374e-11
-1.08984 -4.46433e-11
-1.08594 -8.21678e-11
-1.08203 -1.60384e-10
-1.07812 -3.17785e-10
-1.07422 -6.40786e-10
-1.07031 -1.30132e-09
-1.06641 -2.65484e-09
-1.0625 -5.42573e-09
-1.05859 -1.11069e-08
-1.05469 -2.27521e-08
-1.05078 -4.66351e-08
-1.04688 -9.56214e-08
-1.04297 -1.96123e-07
-1.03906 -4.02343e-07
-1.03516 -8.25536e-07
-1.03125 -1.69398e-06
-1.02734 -3.47587e-06
-1.02344 -7.13019e-06
-1.01953 -1.46169e-05
-1.01562 -2.99231e-05
-1.01172 -6.10796e-05
-1.00781 -0.000123865
-1.00391 -0.000246607
-1 -0.000220797
-0.996094 0.000167623
-0.992188 0.000266488
-0.988281 0.000327237
-0.984375 0.000372703
-0.980469 0.000410492
-0.976562 0.00044377
-0.972656 0.000474047
-0.96875 0.000502126
-0.964844 0.000528478
-0.960938 0.00055341
-0.957031 0.000577135
-0.953125 0.00059981
-0.949219 0.000621557
-0.945312 0.000642474
-0.941406 0.000662643
-0.9375 0.000682131
-0.933594 0.000700996
-0.929688 0.000719287
-0.925781 0.000737049
-0.921875 0.000754317
-0.917969 0.000771127
-0.914062 0.000787507
-0.910156 0.000803484
-0.90625 0.000819082
-0.902344 0.00083432
-0.898438 0.000849224
-0.894531 0.000863805
-0.890625 0.000878081
-0.886719 0.000892068
-0.882812 0.000905778
-0.878906 0.000919224
-0.875 0.000932417
-0.871094 0.000945369
-0.867188 0.000958088
-0.863281 0.000970585
-0.859375 0.000982867
-0.855469 0.000994943
-0.851562 0.00100682
-0.847656 0.0010185
-0.84375 0.00103
-0.839844 0.00104132
-0.835938 0.00105247
-0.832031 0.00106345
-0.828125 0.00107426
-0.824219 0.00108492
-0.820312 0.00109543
-0.816406 0.00110578
-0.8125 0.00111599
-0.808594 0.00112606
-0.804688 0.00113599
-0.800781 0.00114579
-0.796875 0.00115546
-0.792969 0.001165
-0.789062 0.00117442
-0.785156 0.00118372
-0.78125 0.0011929
-0.777344 0.00120196
-0.773438 0.00121091
-0.769531 0.00121975
-0.765625 0.00122848
-0.761719 0.00123711
-0.757812 0.00124564
-0.753906 0.00125406
-0.75 0.00126238
-0.746094 0.00127061
-0.742188 0.00127874
-0.738281 0.00128678
-0.734375 0.00129472
-0.730469 0.00130258
-0.726562 0.00131034
-0.722656 0.00131802
-0.71875 0.00132562
-0.714844 0.00133313
-0.710938 0.00134055
-0.707031 0.0013479
-0.703125 0.00135517
-0.699219 0.00136235
-0.695312 0.00136946
-0.691406 0.0013765
-0.6875 0.00138346
-0.683594 0.00139034
-0.679688 0.00139715
-0.675781 0.0014039
-0.671875 0.00141057
-0.667969 0.00141717
-0.664062 0.0014237
-0.660156 0.00143016
-0.65625 0.00143656
-0.652344 0.00144289
-0.648438 0.00144915
-0.644531 0.00145535
-0.640625 0.00146149
-0.636719 0.00146757
-0.632812 0.00147358
-0.628906 0.00147953
-0.625 0.00148542
-0.621094 0.00149125
-0.617188 0.00149703
-0.613281 0.00150274
-0.609375 0.0015084
-0.605469 0.001514
-0.601562 0.00151954
-0.597656 0.00152503
-0.59375 0.00153046
-0.589844 0.00153584
-0.585938 0.00154116
-0.582031 0.00154643
-0.578125 0.00155165
-0.574219 0.00155681
-0.570312 0.00156192
-0.566406 0.00156698
-0.5625 0.00157199
-0.558594 0.00157695
-0.554688 0.00158187
-0.550781 0.00158673
-0.546875 0.00159154
-0.542969 0.0015963
-0.539062 0.00160101
-0.535156 0.00160568
-0.53125 0.0016103
-0.527344 0.00161487
-0.523438 0.0016194
-0.519531 0.00162388
-0.515625 0.00162832
-0.511719 0.00163271
-0.507812 0.00163705
-0.503906 0.00164135
-0.5 0.0016456
-0.496094 0.00164982
-0.492188 0.00165398
-0.488281 0.00165811
-0.484375 0.00166219
-0.480469 0.00166623
-0.476562 0.00167023
-0.472656 0.00167418
-0.46875 0.00167809
-0.464844 0.00168196
-0.460938 0.00168579
-0.457031 0.00168958
-0.453125 0.00169333
-0.449219 0.00169704
-0.445312 0.00170071
-0.441406 0.00170434
-0.4375 0.00170793
-0.433594 0.00171148
-0.429688 0.00171499
-0.425781 0.00171846
-0.421875 0.00172189
-0.417969 0.00172529
-0.414062 0.00172864
-0.410156 0.00173196
-0.40625 0.00173524
-0.402344 0.00173848
-0.398438 0.00174169
-0.394531 0.00174486
-0.390625 0.00174799
-0.386719 0.00175109
-0.382812 0.00175415
-0.378906 0.00175717
-0.375 0.00176016
-0.371094 0.00176311
-0.367188 0.00176602
-0.363281 0.0017689
-0.359375 0.00177175
-0.355469 0.00177455
-0.351562 0.00177733
-0.347656 0.00178007
-0.34375 0.00178277
-0.339844 0.00178544
-0.335938 0.00178808
-0.332031 0.00179068
-0.328125 0.00179324
-0.324219 0.00179578
-0.320312 0.00179827
-0.316406 0.00180074
-0.3125 0.00180317
-0.308594 0.00180557
-0.304688 0.00180793
-0.300781 0.00181027
-0.296875 0.00181257
-0.292969 0.00181483
-0.289062 0.00181706
-0.285156 0.00181926
-0.28125 0.00182143
-0.277344 0.00182357
-0.273438 0.00182567
-0.269531 0.00182774
-0.265625 0.00182978
-0.261719 0.00183179
-0.257812 0.00183376
-0.253906 0.00183571
-0.25 0.00183762
-0.246094 0.0018395
-0.242188 0.00184135
-0.238281 0.00184316
-0.234375 0.00184495
-0.230469 0.0018467
-0.226562 0.00184843
-0.222656 0.00185012
-0.21875 0.00185178
-0.214844 0.00185341
-0.210938 0.00185501
-0.207031 0.00185658
-0.203125 0.00185812
-0.199219 0.00185963
-0.195312 0.00186111
-0.191406 0.00186255
-0.1875 0.00186397
-0.183594 0.00186536
-0.179688 0.00186671
-0.175781 0.00186804
-0.171875 0.00186934
-0.167969 0.0018706
-0.164062 0.00187184
-0.160156 0.00187305
-0.15625 0.00187422
-0.152344 0.00187537
-0.148438 0.00187649
-0.144531 0.00187757
-0.140625 0.00187863
-0.136719 0.00187966
-0.132812 0.00188066
-0.128906 0.00188163
-0.125 0.00188257
-0.121094 0.00188348
-0.117188 0.00188436
-0.113281 0.00188521
-0.109375 0.00188604
-0.105469 0.00188683
-0.101562 0.00188759
-0.0976562 0.00188833
-0.09375 0.00188903
-0.0898438 0.00188971
-0.0859375 0.00189036
-0.0820312 0.00189098
-0.078125 0.00189157
-0.0742188 0.00189213
-0.0703125 0.00189266
-0.0664062 0.00189317
-0.0625 0.00189364
-0.0585938 0.00189409
-0.0546875 0.0018945
-0.0507812 0.00189489
-0.046875 0.00189525
-0.0429688 0.00189558
-0.0390625 0.00189588
-0.0351562 0.00189615
-0.03125 0.0018964
-0.0273438 0.00189661
-0.0234375 0.0018968
-0.0195312 0.00189696
-0.015625 0.00189709
-0.0117188 0.00189719
-0.0078125 0.00189726
-0.00390625 0.0018973
0 0.00189732
0.00390625 0.0018973
0.0078125 0.00189726
0.0117188 0.00189719
0.015625 0.00189709
0.0195312 0.00189696
0.0234375 0.0018968
0.0273438 0.00189661
0.03125 0.0018964
0.0351562 0.00189615
0.0390625 0.00189588
0.0429688 0.00189558
0.046875 0.00189525
0.0507812 0.00189489
0.0546875 0.0018945
0.0585938 0.00189409
0.0625 0.00189364
0.0664062 0.00189317
0.0703125 0.00189266
0.0742188 0.00189213
0.078125 0.00189157
0.0820312 0.00189098
0.0859375 0.00189036
0.0898438 0.00188971
0.09375 0.00188903
0.0976562 0.00188833
0.101562 0.00188759
0.105469 0.00188683
0.109375 0.00188604
0.113281 0.00188521
0.117188 0.00188436
0.121094 0.00188348
0.125 0.00188257
0.128906 0.00188163
0.132812 0.00188066
0.136719 0.00187966
0.140625 0.00187863
0.144531 0.00187757
0.148438 0.00187649
0.152344 0.00187537
0.15625 0.00187422
0.160156 0.00187305
0.164062 0.00187184
0.167969 0.0018706
0.171875 0.00186934
0.175781 0.00186804
0.179688 0.00186671
0.183594 0.00186536
0.1875 0.00186397
0.191406 0.00186255
0.195312 0.00186111
0.199219 0.00185963
0.203125 0.00185812
0.207031 0.00185658
0.210938 0.00185501
0.214844 0.00185341
0.21875 0.00185178
0.222656 0.00185012
0.226562 0.00184843
0.230469 0.0018467
0.234375 0.00184495
0.238281 0.00184316
0.242188 0.00184135
0.246094 0.0018395
0.25 0.00183762
0.253906 0.00183571
0.257812 0.00183376
0.261719 0.00183179
0.265625 0.00182978
0.269531 0.00182774
0.273438 0.00182567
0.277344 0.00182357
0.28125 0.00182143
0.285156 0.00181926
0.289062 0.00181706
0.292969 0.00181483
0.296875 0.00181257
0.300781 0.00181027
0.304688 0.00180793
0.308594 0.00180557
0.3125 0.00180317
0.316406 0.00180074
0.320312 0.00179827
0.324219 0.00179578
0.328125 0.00179324
0.332031 0.00179068
0.335938 0.00178808
0.339844 0.00178544
0.34375 0.00178277
0.347656 0.00178007
0.351562 0.00177733
0.355469 0.00177455
0.359375 0.00177175
0.363281 0.0017689
0.367188 0.00176602
0.371094 0.00176311
0.375 0.00176016
0.378906 0.00175717
0.382812 0.00175415
0.386719 0.00175109
0.390625 0.00174799
0.394531 0.00174486
0.398438 0.00174169
0.402344 0.00173848
0.40625 0.00173524
0.410156 0.00173196
0.414062 0.00172864
0.417969 0.00172529
0.421875 0.00172189
0.425781 0.00171846
0.429688 0.00171499
0.433594 0.00171148
0.4375 0.00170793
0.441406 0.00170434
0.445312 0.00170071
0.449219 0.00169704
0.453125 0.00169333
0.457031 0.00168958
0.460938 0.00168579
0.464844 0.00168196
0.46875 0.00167809
0.472656 0.00167418
0.476562 0.00167023
0.480469 0.00166623
0.484375 0.00166219
0.488281 0.00165811
0.492188 0.00165398
0.496094 0.00164982
0.5 0.0016456
0.503906 0.00164135
0.507812 0.00163705
0.511719 0.00163271
0.515625 0.00162832
0.519531 0.00162388
0.523438 0.0016194
0.527344 0.00161487
0.53125 0.0016103
0.535156 0.00160568
0.539062 0.00160101
0.542969 0.0015963
0.546875 0.00159154
0.550781 0.00158673
0.554688 0.00158187
0.558594 0.00157695
0.5625 0.00157199
0.566406 0.00156698
0.570312 0.00156192
0.574219 0.00155681
0.578125 0.00155165
0.582031 0.00154643
0.585938 0.00154116
0.589844 0.00153584
0.59375 0.00153046
0.597656 0.00152503
0.601562 0.00151954
0.605469 0.001514
0.609375 0.0015084
0.613281 0.00150274
0.617188 0.00149703
0.621094 0.00149125
0.625 0.00148542
0.628906 0.00147953
0.632812 0.00147358
0.636719 0.00146757
0.640625 0.00146149
0.644531 0.00145535
0.648438 0.00144915
0.652344 0.00144289
0.65625 0.00143656
0.660156 0.00143016
0.664062 0.0014237
0.667969 0.00141717
0.671875 0.00141057
0.675781 0.0014039
0.679688 0.00139715
0.683594 0.00139034
0.6875 0.00138346
0.691406 0.0013765
0.695312 0.00136946
0.699219 0.00136235
0.703125 0.00135517
0.707031 0.0013479
0.710938 0.00134055
0.714844 0.00133313
0.71875 0.00132562
0.722656 0.00131802
0.726562 0.00131034
0.730469 0.00130258
0.734375 0.00129472
0.738281 0.00128678
0.742188 0.00127874
0.746094 0.00127061
0.75 0.00126238
0.753906 0.00125406
0.757812 0.00124564
0.761719 0.00123711
0.765625 0.00122848
0.769531 0.00121975
0.773438 0.00121091
0.777344 0.00120196
0.78125 0.0011929
0.785156 0.00118372
0.789062 0.00117442
0.792969 0.001165
0.796875 0.00115546
0.800781 0.00114579
0.804688 0.00113599
0.808594 0.00112606
0.8125 0.00111599
0.816406 0.00110578
0.820312 0.00109543
0.824219 0.00108492
0.828125 0.00107426
0.832031 0.00106345
0.835938 0.00105247
0.839844 0.00104132
0.84375 0.00103
0.847656 0.0010185
0.851562 0.00100682
0.855469 0.000994943
0.859375 0.000982867
0.863281 0.000970585
0.867188 0.000958088
0.871094 0.000945369
0.875 0.000932417
0.878906 0.000919224
0.882812 0.000905778
0.886719 0.000892068
0.890625 0.000878081
0.894531 0.000863805
0.898438 0.000849224
0.902344 0.00083432
0.90625 0.000819082
0.910156 0.000803484
0.914062 0.000787507
0.917969 0.000771127
0.921875 0.000754317
0.925781 0.000737049
0.929688 0.000719287
0.933594 0.000700996
0.9375 0.000682131
0.941406 0.000662643
0.945312 0.000642474
0.949219 0.000621557
0.953125 0.00059981
0.957031 0.000577135
0.960938 0.00055341
0.964844 0.000528478
0.96875 0.000502126
0.972656 0.000474047
0.976562 0.00044377
0.980469 0.000410492
0.984375 0.000372703
0.988281 0.000327237
0.992188 0.000266488
0.996094 0.000167623
1 -0.000220797
1.00391 -0.000246607
1.00781 -0.000123865
1.01172 -6.10796e-05
1.01562 -2.99231e-05
1.01953 -1.46169e-05
1.02344 -7.13019e-06
1.02734 -3.47587e-06
1.03125 -1.69398e-06
1.03516 -8.25536e-07
1.03906 -4.02343e-07
1.04297 -1.96123e-07
1.04688 -9.56214e-08
1.05078 -4.66351e-08
1.05469 -2.27521e-08
1.05859 -1.11069e-08
1.0625 -5.42573e-09
1.06641 -2.65484e-09
1.07031 -1.30132e-09
1.07422 -6.40786e-10
1.07812 -3.17785e-10
1.08203 -1.60384e-10
1.08594 -8.21678e-11
1.08984 -4.46433e-11
1.09375 -2.50374e-11
1.09766 -1.61941e-11
1.10156 -1.06543e-11
1.10547 -8.71631e-12
1.10938 -6.60302e-12
1.11328 -6.34726e-12
1.11719 -5.12335e-12
1.12109 -5.33011e-12
1.125 -4.34135e-12
1.12891 -4.67323e-12
1.13281 -3.79307e-12
1.13672 -4.19177e-12
1.14062 -3.35392e-12
1.14453 -3.77217e-12
1.14844 -2.98435e-12
1.15234 -3.43379e-12
1.15625 -2.66694e-12
1.16016 -3.14103e-12
1.16406 -2.38958e-12
1.16797 -2.88409e-12
1.17188 -2.15201e-12
1.17578 -2.64899e-12
1.17969 -1.94744e-12
1.18359 -2.45917e-12
1.1875 -1.76866e-12
1.19141 -2.28659e-12
1.19531 -1.60195e-12
1.19922 -2.1329e-12
1.20312 -1.45685e-12
1.20703 -1.99745e-12
1.21094 -1.32841e-12
1.21484 -1.87678e-12
1.21875 -1.21393e-12
1.22266 -1.7687e-12
1.22656 -1.11152e-12
1.23047 -1.67146e-12
1.23438 -1.01922e-12
1.23828 -1.58354e-12
1.24219 -9.36459e-13
1.24609 -1.50456e-12
1.25 -8.61731e-13
1.25391 -1.43192e-12
1.25781 -7.94587e-13
1.26172 -1.36644e-12
1.26562 -7.32462e-13
1.26953 -1.30404e-12
1.27344 -6.75689e-13
1.27734 -1.25031e-12
1.28125 -6.26219e-13
1.28516 -1.21672e-12
1.28906 -5.80335e-13
1.29297 -1.16989e-12
1.29688 -5.38273e-13
1.30078 -1.12672e-12
1.30469 -4.99744e-13
1.30859 -1.10233e-12
1.3125 -4.6441e-13
1.31641 -1.06484e-12
1.32031 -4.31989e-13
1.32422 -1.04514e-12
1.32812 -4.02206e-13
1.33203 -1.01223e-12
1.33594 -3.74808e-13
1.33984 -9.96306e-13
1.34375 -3.49575e-13
1.34766 -9.81592e-13
1.35156 -3.26323e-13
1.35547 -9.53633e-13
1.35938 -3.04823e-13
1.36328 -9.41367e-13
1.36719 -2.84675e-13
1.37109 -9.29393e-13
1.375 -2.64861e-13
1.37891 -9.15802e-13
1.38281 -2.47493e-13
1.38672 -8.08693e-13
1.39062 -2.34767e-13
1.39453 -7.39517e-13
1.39844 -2.20252e-13
1.40234 -7.14589e-13
1.40625 -2.05825e-13
1.41016 -6.86756e-13
1.41406 -1.93353e-13
1.41797 -6.64632e-13
1.42188 -1.81501e-13
1.42578 -6.88873e-13
1.42969 -1.7013e-13
1.43359 -7.02927e-13
1.4375 -1.61147e-13
1.44141 -8.26098e-13
1.44531 -1.52936e-13
1.44922 -7.6772e-13
1.45312 -1.428e-13
1.45703 -7.37406e-13
1.46094 -1.34197e-13
1.46484 -6.83436e-13
1.46875 -1.26552e-13
1.47266 -6.57007e-13
1.47656 -1.19283e-13
1.48047 -6.0716e-13
1.48438 -1.12579e-13
1.48828 -5.84177e-13
1.49219 -1.06275e-13
1.49609 -5.38176e-13
1.5 -1.0042e-13
