-1.5 -4.983e-14
-1.49609 -1.39123e-13
-1.49219 -5.27155e-14
-1.48828 -1.39099e-13
-1.48438 -5.57727e-14
-1.48047 -1.41765e-13
-1.47656 -5.90259e-14
-1.47266 -1.44725e-13
-1.46875 -6.25297e-14
-1.46484 -1.4516e-13
-1.46094 -6.62905e-14
-1.45703 -1.48381e-13
-1.45312 -7.03147e-14
-1.44922 -1.51949e-13
-1.44531 -7.46325e-14
-1.44141 -1.5578e-13
-1.4375 -7.92262e-14
-1.43359 -1.57083e-13
-1.42969 -8.41416e-14
-1.42578 -1.61324e-13
-1.42188 -8.93513e-14
-1.41797 -1.65578e-13
-1.41406 -9.45267e-14
-1.41016 -1.71076e-13
-1.40625 -1.01561e-13
-1.40234 -1.76653e-13
-1.39844 -1.08011e-13
-1.39453 -1.82478e-13
-1.39062 -1.15017e-13
-1.38672 -1.86012e-13
-1.38281 -1.22618e-13
-1.37891 -1.92694e-13
-1.375 -1.30828e-13
-1.37109 -2.00191e-13
-1.36719 -1.39726e-13
-1.36328 -2.08202e-13
-1.35938 -1.49337e-13
-1.35547 -2.1703e-13
-1.35156 -1.59789e-13
-1.34766 -2.26574e-13
-1.34375 -1.71029e-13
-1.33984 -2.37099e-13
-1.33594 -1.83276e-13
-1.33203 -2.51571e-13
-1.32812 -1.96513e-13
-1.32422 -2.63858e-13
-1.32031 -2.10991e-13
-1.31641 -2.77351e-13
-1.3125 -2.26612e-13
-1.30859 -2.92169e-13
-1.30469 -2.43736e-13
-1.30078 -3.08468e-13
-1.29688 -2.62783e-13
-1.29297 -3.28076e-13
-1.28906 -2.83276e-13
-1.28516 -3.45039e-13
-1.28125 -3.04492e-13
-1.27734 -3.70662e-13
-1.27344 -3.29602e-13
-1.26953 -3.94761e-13
-1.26562 -3.56758e-13
-1.26172 -4.20668e-13
-1.25781 -3.8399e-13
-1.25391 -4.48367e-13
-1.25 -4.17935e-13
-1.24609 -4.85276e-13
-1.24219 -4.54231e-13
-1.23828 -5.2087e-13
-1.23438 -4.93991e-13
-1.23047 -5.60747e-13
-1.22656 -5.382e-13
-1.22266 -6.08715e-13
-1.21875 -5.8744e-13
-1.21484 -6.58077e-13
-1.21094 -6.42232e-13
-1.20703 -7.13801e-13
-1.20312 -7.0364e-13
-1.19922 -7.80068e-13
-1.19531 -7.72577e-13
-1.19141 -8.50447e-13
-1.1875 -8.49851e-13
-1.18359 -9.32883e-13
-1.17969 -9.38126e-13
-1.17578 -1.02506e-12
-1.17188 -1.0377e-12
-1.16797 -1.13226e-12
-1.16406 -1.15107e-12
-1.16016 -1.25069e-12
-1.15625 -1.28106e-12
-1.15234 -1.3913e-12
-1.14844 -1.431e-12
-1.14453 -1.54915e-12
-1.14062 -1.60445e-12
-1.13672 -1.73753e-12
-1.13281 -1.80695e-12
-1.12891 -1.95753e-12
-1.125 -2.0454e-12
-1.12109 -2.21666e-12
-1.11719 -2.32594e-12
-1.11328 -2.51914e-12
-1.10938 -2.65719e-12
-1.10547 -2.88378e-12
-1.10156 -3.06744e-12
-1.09766 -3.33412e-12
-1.09375 -3.56443e-12
-1.08984 -3.88697e-12
-1.08594 -4.18068e-12
-1.08203 -4.57793e-12
-1.07812 -4.95766e-12
-1.07422 -5.45479e-12
-1.07031 -5.96478e-12
-1.06641 -6.61909e-12
-1.0625 -7.35333e-12
-1.05859 -8.42382e-12
-1.05469 -1.02537e-11
-1.05078 -1.51083e-11
-1.04688 -3.16995e-11
-1.04297 -9.6957e-11
-1.03906 -3.64055e-10
-1.03516 -1.473e-09
-1.03125 -6.09718e-09
-1.02734 -2.54141e-08
-1.02344 -1.06184e-07
-1.01953 -4.44137e-07
-1.01562 -1.85875e-06
-1.01172 -7.77861e-06
-1.00781 -3.24932e-05
-1.00391 -0.000134535
-1 -0.000278942
-0.996094 0.000180369
-0.992188 0.000263231
-0.988281 0.000315203
-0.984375 0.000357188
-0.980469 0.000394025
-0.976562 0.000427419
-0.972656 0.000458215
-0.96875 0.000486931
-0.964844 0.000513926
-0.960938 0.00053946
-0.957031 0.000563736
-0.953125 0.00058691
-0.949219 0.000609109
-0.945312 0.000630438
-0.941406 0.000650981
-0.9375 0.000670813
-0.933594 0.000689994
-0.929688 0.000708579
-0.925781 0.000726612
-0.921875 0.000744135
-0.917969 0.000761182
-0.914062 0.000777785
-0.910156 0.000793972
-0.90625 0.000809768
-0.902344 0.000825196
-0.898438 0.000840275
-0.894531 0.000855025
-0.890625 0.000869461
-0.886719 0.000883601
-0.882812 0.000897456
-0.878906 0.000911042
-0.875 0.000924368
-0.871094 0.000937447
-0.867188 0.000950289
-0.863281 0.000962903
-0.859375 0.000975298
-0.855469 0.000987483
-0.851562 0.000999464
-0.847656 0.00101125
-0.84375 0.00102285
-0.839844 0.00103426
-0.835938 0.0010455
-0.832031 0.00105656
-0.828125 0.00106747
-0.824219 0.00107821
-0.820312 0.00108879
-0.816406 0.00109922
-0.8125 0.00110951
-0.808594 0.00111965
-0.804688 0.00112965
-0.800781 0.00113952
-0.796875 0.00114926
-0.792969 0.00115887
-0.789062 0.00116835
-0.785156 0.00117771
-0.78125 0.00118695
-0.777344 0.00119607
-0.773438 0.00120508
-0.769531 0.00121397
-0.765625 0.00122276
-0.761719 0.00123144
-0.757812 0.00124002
-0.753906 0.00124849
-0.75 0.00125687
-0.746094 0.00126514
-0.742188 0.00127332
-0.738281 0.0012814
-0.734375 0.00128939
-0.730469 0.00129729
-0.726562 0.0013051
-0.722656 0.00131282
-0.71875 0.00132046
-0.714844 0.00132801
-0.710938 0.00133548
-0.707031 0.00134286
-0.703125 0.00135017
-0.699219 0.00135739
-0.695312 0.00136454
-0.691406 0.00137161
-0.6875 0.0013786
-0.683594 0.00138552
-0.679688 0.00139237
-0.675781 0.00139914
-0.671875 0.00140585
-0.667969 0.00141248
-0.664062 0.00141904
-0.660156 0.00142554
-0.65625 0.00143196
-0.652344 0.00143832
-0.648438 0.00144462
-0.644531 0.00145085
-0.640625 0.00145701
-0.636719 0.00146311
-0.632812 0.00146916
-0.628906 0.00147513
-0.625 0.00148105
-0.621094 0.00148691
-0.617188 0.00149271
-0.613281 0.00149845
-0.609375 0.00150413
-0.605469 0.00150975
-0.601562 0.00151532
-0.597656 0.00152083
-0.59375 0.00152628
-0.589844 0.00153168
-0.585938 0.00153703
-0.582031 0.00154232
-0.578125 0.00154756
-0.574219 0.00155274
-0.570312 0.00155788
-0.566406 0.00156296
-0.5625 0.00156799
-0.558594 0.00157297
-0.554688 0.0015779
-0.550781 0.00158278
-0.546875 0.00158761
-0.542969 0.00159239
-0.539062 0.00159712
-0.535156 0.00160181
-0.53125 0.00160645
-0.527344 0.00161104
-0.523438 0.00161558
-0.519531 0.00162008
-0.515625 0.00162453
-0.511719 0.00162893
-0.507812 0.00163329
-0.503906 0.00163761
-0.5 0.00164188
-0.496094 0.00164611
-0.492188 0.00165029
-0.488281 0.00165443
-0.484375 0.00165853
-0.480469 0.00166258
-0.476562 0.00166659
-0.472656 0.00167056
-0.46875 0.00167449
-0.464844 0.00167837
-0.460938 0.00168221
-0.457031 0.00168602
-0.453125 0.00168978
-0.449219 0.0016935
-0.445312 0.00169718
-0.441406 0.00170082
-0.4375 0.00170442
-0.433594 0.00170799
-0.429688 0.00171151
-0.425781 0.00171499
-0.421875 0.00171844
-0.417969 0.00172184
-0.414062 0.00172521
-0.410156 0.00172854
-0.40625 0.00173183
-0.402344 0.00173509
-0.398438 0.0017383
-0.394531 0.00174148
-0.390625 0.00174463
-0.386719 0.00174773
-0.382812 0.0017508
-0.378906 0.00175383
-0.375 0.00175683
-0.371094 0.00175979
-0.367188 0.00176271
-0.363281 0.0017656
-0.359375 0.00176846
-0.355469 0.00177127
-0.351562 0.00177406
-0.347656 0.0017768
-0.34375 0.00177952
-0.339844 0.00178219
-0.335938 0.00178484
-0.332031 0.00178745
-0.328125 0.00179002
-0.324219 0.00179256
-0.320312 0.00179507
-0.316406 0.00179754
-0.3125 0.00179998
-0.308594 0.00180239
-0.304688 0.00180476
-0.300781 0.0018071
-0.296875 0.00180941
-0.292969 0.00181168
-0.289062 0.00181392
-0.285156 0.00181613
-0.28125 0.0018183
-0.277344 0.00182044
-0.273438 0.00182255
-0.269531 0.00182463
-0.265625 0.00182667
-0.261719 0.00182869
-0.257812 0.00183067
-0.253906 0.00183262
-0.25 0.00183453
-0.246094 0.00183642
-0.242188 0.00183827
-0.238281 0.0018401
-0.234375 0.00184189
-0.230469 0.00184365
-0.226562 0.00184538
-0.222656 0.00184707
-0.21875 0.00184874
-0.214844 0.00185038
-0.210938 0.00185198
-0.207031 0.00185356
-0.203125 0.0018551
-0.199219 0.00185661
-0.195312 0.00185809
-0.191406 0.00185955
-0.1875 0.00186097
-0.183594 0.00186236
-0.179688 0.00186372
-0.175781 0.00186505
-0.171875 0.00186635
-0.167969 0.00186762
-0.164062 0.00186886
-0.160156 0.00187007
-0.15625 0.00187125
-0.152344 0.0018724
-0.148438 0.00187352
-0.144531 0.00187461
-0.140625 0.00187567
-0.136719 0.0018767
-0.132812 0.0018777
-0.128906 0.00187868
-0.125 0.00187962
-0.121094 0.00188053
-0.117188 0.00188142
-0.113281 0.00188227
-0.109375 0.00188309
-0.105469 0.00188389
-0.101562 0.00188466
-0.0976562 0.00188539
-0.09375 0.0018861
-0.0898438 0.00188678
-0.0859375 0.00188743
-0.0820312 0.00188805
-0.078125 0.00188864
-0.0742188 0.00188921
-0.0703125 0.00188974
-0.0664062 0.00189025
-0.0625 0.00189072
-0.0585938 0.00189117
-0.0546875 0.00189159
-0.0507812 0.00189197
-0.046875 0.00189233
-0.0429688 0.00189267
-0.0390625 0.00189297
-0.0351562 0.00189324
-0.03125 0.00189349
-0.0273438 0.0018937
-0.0234375 0.00189389
-0.0195312 0.00189405
-0.015625 0.00189418
-0.0117188 0.00189428
-0.0078125 0.00189435
-0.00390625 0.00189439
0 0.00189441
0.00390625 0.00189439
0.0078125 0.00189435
0.0117188 0.00189428
0.015625 0.00189418
0.0195312 0.00189405
0.0234375 0.00189389
0.0273438 0.0018937
0.03125 0.00189349
0.0351562 0.00189324
0.0390625 0.00189297
0.0429688 0.00189267
0.046875 0.00189233
0.0507812 0.00189197
0.0546875 0.00189159
0.0585938 0.00189117
0.0625 0.00189072
0.0664062 0.00189025
0.0703125 0.00188974
0.0742188 0.00188921
0.078125 0.00188864
0.0820312 0.00188805
0.0859375 0.00188743
0.0898438 0.00188678
0.09375 0.0018861
0.0976562 0.00188539
0.101562 0.00188466
0.105469 0.00188389
0.109375 0.00188309
0.113281 0.00188227
0.117188 0.00188142
0.121094 0.00188053
0.125 0.00187962
0.128906 0.00187868
0.132812 0.0018777
0.136719 0.0018767
0.140625 0.00187567
0.144531 0.00187461
0.148438 0.00187352
0.152344 0.0018724
0.15625 0.00187125
0.160156 0.00187007
0.164062 0.00186886
0.167969 0.00186762
0.171875 0.00186635
0.175781 0.00186505
0.179688 0.00186372
0.183594 0.00186236
0.1875 0.00186097
0.191406 0.00185955
0.195312 0.00185809
0.199219 0.00185661
0.203125 0.0018551
0.207031 0.00185356
0.210938 0.00185198
0.214844 0.00185038
0.21875 0.00184874
0.222656 0.00184707
0.226562 0.00184538
0.230469 0.00184365
0.234375 0.00184189
0.238281 0.0018401
0.242188 0.00183827
0.246094 0.00183642
0.25 0.00183453
0.253906 0.00183262
0.257812 0.00183067
0.261719 0.00182869
0.265625 0.00182667
0.269531 0.00182463
0.273438 0.00182255
0.277344 0.00182044
0.28125 0.0018183
0.285156 0.00181613
0.289062 0.00181392
0.292969 0.00181168
0.296875 0.00180941
0.300781 0.0018071
0.304688 0.00180476
0.308594 0.00180239
0.3125 0.00179998
0.316406 0.00179754
0.320312 0.00179507
0.324219 0.00179256
0.328125 0.00179002
0.332031 0.00178745
0.335938 0.00178484
0.339844 0.00178219
0.34375 0.00177952
0.347656 0.0017768
0.351562 0.00177406
0.355469 0.00177127
0.359375 0.00176846
0.363281 0.0017656
0.367188 0.00176271
0.371094 0.00175979
0.375 0.00175683
0.378906 0.00175383
0.382812 0.0017508
0.386719 0.00174773
0.390625 0.00174463
0.394531 0.00174148
0.398438 0.0017383
0.402344 0.00173509
0.40625 0.00173183
0.410156 0.00172854
0.414062 0.00172521
0.417969 0.00172184
0.421875 0.00171844
0.425781 0.00171499
0.429688 0.00171151
0.433594 0.00170799
0.4375 0.00170442
0.441406 0.00170082
0.445312 0.00169718
0.449219 0.0016935
0.453125 0.00168978
0.457031 0.00168602
0.460938 0.00168221
0.464844 0.00167837
0.46875 0.00167449
0.472656 0.00167056
0.476562 0.00166659
0.480469 0.00166258
0.484375 0.00165853
0.488281 0.00165443
0.492188 0.00165029
0.496094 0.00164611
0.5 0.00164188
0.503906 0.00163761
0.507812 0.00163329
0.511719 0.00162893
0.515625 0.00162453
0.519531 0.00162008
0.523438 0.00161558
0.527344 0.00161104
0.53125 0.00160645
0.535156 0.00160181
0.539062 0.00159712
0.542969 0.00159239
0.546875 0.00158761
0.550781 0.00158278
0.554688 0.0015779
0.558594 0.00157297
0.5625 0.00156799
0.566406 0.00156296
0.570312 0.00155788
0.574219 0.00155274
0.578125 0.00154756
0.582031 0.00154232
0.585938 0.00153703
0.589844 0.00153168
0.59375 0.00152628
0.597656 0.00152083
0.601562 0.00151532
0.605469 0.00150975
0.609375 0.00150413
0.613281 0.00149845
0.617188 0.00149271
0.621094 0.00148691
0.625 0.00148105
0.628906 0.00147513
0.632812 0.00146916
0.636719 0.00146311
0.640625 0.00145701
0.644531 0.00145085
0.648438 0.00144462
0.652344 0.00143832
0.65625 0.00143196
0.660156 0.00142554
0.664062 0.00141904
0.667969 0.00141248
0.671875 0.00140585
0.675781 0.00139914
0.679688 0.00139237
0.683594 0.00138552
0.6875 0.0013786
0.691406 0.00137161
0.695312 0.00136454
0.699219 0.00135739
0.703125 0.00135017
0.707031 0.00134286
0.710938 0.00133548
0.714844 0.00132801
0.71875 0.00132046
0.722656 0.00131282
0.726562 0.0013051
0.730469 0.00129729
0.734375 0.00128939
0.738281 0.0012814
0.742188 0.00127332
0.746094 0.00126514
0.75 0.00125687
0.753906 0.00124849
0.757812 0.00124002
0.761719 0.00123144
0.765625 0.00122276
0.769531 0.00121397
0.773438 0.00120508
0.777344 0.00119607
0.78125 0.00118695
0.785156 0.00117771
0.789062 0.00116835
0.792969 0.00115887
0.796875 0.00114926
0.800781 0.00113952
0.804688 0.00112965
0.808594 0.00111965
0.8125 0.00110951
0.816406 0.00109922
0.820312 0.00108879
0.824219 0.00107821
0.828125 0.00106747
0.832031 0.00105656
0.835938 0.0010455
0.839844 0.00103426
0.84375 0.00102285
0.847656 0.00101125
0.851562 0.000999464
0.855469 0.000987483
0.859375 0.000975298
0.863281 0.000962903
0.867188 0.000950289
0.871094 0.000937447
0.875 0.000924368
0.878906 0.000911042
0.882812 0.000897456
0.886719 0.000883601
0.890625 0.000869461
0.894531 0.000855025
0.898438 0.000840275
0.902344 0.000825196
0.90625 0.000809768
0.910156 0.000793972
0.914062 0.000777785
0.917969 0.000761182
0.921875 0.000744135
0.925781 0.000726612
0.929688 0.000708579
0.933594 0.000689994
0.9375 0.000670813
0.941406 0.000650981
0.945312 0.000630438
0.949219 0.000609109
0.953125 0.00058691
0.957031 0.000563736
0.960938 0.00053946
0.964844 0.000513926
0.96875 0.000486931
0.972656 0.000458215
0.976562 0.000427419
0.980469 0.000394025
0.984375 0.000357188
0.988281 0.000315203
0.992188 0.000263231
0.996094 0.000180369
1 -0.000278942
1.00391 -0.000134535
1.00781 -3.24932e-05
1.01172 -7.77861e-06
1.01562 -1.85875e-06
1.01953 -4.44137e-07
1.02344 -1.06184e-07
1.02734 -2.54141e-08
1.03125 -6.09718e-09
1.03516 -1.473e-09
1.03906 -3.64055e-10
1.04297 -9.6957e-11
1.04688 -3.16995e-11
1.05078 -1.51083e-11
1.05469 -1.02537e-11
1.05859 -8.42382e-12
1.0625 -7.35333e-12
1.06641 -6.61909e-12
1.07031 -5.96478e-12
1.07422 -5.45479e-12
1.07812 -4.95766e-12
1.08203 -4.57793e-12
1.08594 -4.18068e-12
1.08984 -3.88697e-12
1.09375 -3.56443e-12
1.09766 -3.33412e-12
1.10156 -3.06744e-12
1.10547 -2.88378e-12
1.10938 -2.65719e-12
1.11328 -2.51914e-12
1.11719 -2.32594e-12
1.12109 -2.21666e-12
1.125 -2.0454e-12
1.12891 -1.95753e-12
1.13281 -1.80695e-12
1.13672 -1.73753e-12
1.14062 -1.60445e-12
1.14453 -1.54915e-12
1.14844 -1.431e-12
1.15234 -1.3913e-12
1.15625 -1.28106e-12
1.16016 -1.25068e-12
1.16406 -1.15107e-12
1.16797 -1.13226e-12
1.17188 -1.0377e-12
1.17578 -1.02506e-12
1.17969 -9.38126e-13
1.18359 -9.32883e-13
1.1875 -8.49851e-13
1.19141 -8.50447e-13
1.19531 -7.72577e-13
1.19922 -7.80068e-13
1.20312 -7.03641e-13
1.20703 -7.13801e-13
1.21094 -6.42232e-13
1.21484 -6.58077e-13
1.21875 -5.8744e-13
1.22266 -6.08716e-13
1.22656 -5.382e-13
1.23047 -5.60747e-13
1.23438 -4.93991e-13
1.23828 -5.2087e-13
1.24219 -4.54231e-13
1.24609 -4.85276e-13
1.25 -4.17935e-13
1.25391 -4.48367e-13
1.25781 -3.8399e-13
1.26172 -4.20667e-13
1.26562 -3.56758e-13
1.26953 -3.94761e-13
1.27344 -3.29602e-13
1.27734 -3.70662e-13
1.28125 -3.04492e-13
1.28516 -3.45039e-13
1.28906 -2.83276e-13
1.29297 -3.28076e-13
1.29688 -2.62783e-13
1.30078 -3.08468e-13
1.30469 -2.43736e-13
1.30859 -2.92169e-13
1.3125 -2.26612e-13
1.31641 -2.77351e-13
1.32031 -2.10992e-13
1.32422 -2.63858e-13
1.32812 -1.96513e-13
1.33203 -2.51571e-13
1.33594 -1.83276e-13
1.33984 -2.37099e-13
1.34375 -1.71029e-13
1.34766 -2.26574e-13
1.35156 -1.59789e-13
1.35547 -2.1703e-13
1.35938 -1.49337e-13
1.36328 -2.08202e-13
1.36719 -1.39726e-13
1.37109 -2.00191e-13
1.375 -1.30828e-13
1.37891 -1.92694e-13
1.38281 -1.22618e-13
1.38672 -1.86012e-13
1.39062 -1.15017e-13
1.39453 -1.82478e-13
1.39844 -1.08011e-13
1.40234 -1.76653e-13
1.40625 -1.01561e-13
1.41016 -1.71076e-13
1.41406 -9.45266e-14
1.41797 -1.65578e-13
1.42188 -8.93514e-14
1.42578 -1.61325e-13
1.42969 -8.41416e-14
1.43359 -1.57083e-13
1.4375 -7.92262e-14
1.44141 -1.5578e-13
1.44531 -7.46325e-14
1.44922 -1.51949e-13
1.45312 -7.03147e-14
1.45703 -1.48381e-13
1.46094 -6.62905e-14
1.46484 -1.4516e-13
1.46875 -6.25298e-14
1.47266 -1.44725e-13
1.47656 -5.90259e-14
1.48047 -1.41765e-13
1.48438 -5.57727e-14
1.48828 -1.39099e-13
1.49219 -5.27155e-14
1.49609 -1.39123e-13
1.5 -4.983e-14
