-1.5 -1.95178e-13
-1.49219 -5.9803e-13
-1.48438 -2.20085e-13
-1.47656 -5.9843e-13
-1.46875 -2.48587e-13
-1.46094 -6.24894e-13
-1.45312 -2.81266e-13
-1.44531 -6.55549e-13
-1.4375 -3.18559e-13
-1.42969 -6.90663e-13
-1.42188 -3.6104e-13
-1.41406 -7.04872e-13
-1.40625 -4.09383e-13
-1.40234 -4.62651e-13
-1.39844 -7.52986e-13
-1.39453 -7.22199e-13
-1.39062 -4.70554e-13
-1.38672 -9.99668e-13
-1.38281 -8.08809e-13
-1.37891 -1.17316e-12
-1.375 -5.38663e-13
-1.37109 -1.35992e-12
-1.36719 -8.72975e-13
-1.36328 -1.56035e-12
-1.35938 -6.18355e-13
-1.35547 -1.64387e-12
-1.35156 -9.49081e-13
-1.34766 -1.8709e-12
-1.34375 -7.10889e-13
-1.33984 -2.11339e-12
-1.33594 -1.04047e-12
-1.33203 -2.23236e-12
-1.32812 -8.20999e-13
-1.32422 -2.50636e-12
-1.32031 -1.14983e-12
-1.31641 -2.65239e-12
-1.3125 -9.52829e-13
-1.30859 -2.96201e-12
-1.30469 -1.3114e-12
-1.30078 -3.14047e-12
-1.29688 -1.11297e-12
-1.29297 -3.38132e-12
-1.28906 -1.46617e-12
-1.28516 -3.41673e-12
-1.28125 -1.29608e-12
-1.27734 -3.524e-12
-1.27344 -1.65478e-12
-1.26953 -4.08507e-12
-1.26562 -1.51933e-12
-1.26172 -4.72918e-12
-1.25781 -1.90108e-12
-1.25391 -4.82429e-12
-1.25 -1.83352e-12
-1.24609 -5.00362e-12
-1.24219 -2.29401e-12
-1.23828 -5.22788e-12
-1.23438 -2.31836e-12
-1.23047 -5.60776e-12
-1.22656 -2.95096e-12
-1.22266 -6.08401e-12
-1.21875 -3.35375e-12
-1.21484 -6.88583e-12
-1.21094 -4.67078e-12
-1.20703 -8.41879e-12
-1.20312 -6.49543e-12
-1.19922 -1.12042e-11
-1.19531 -1.06625e-11
-1.19141 -1.67803e-11
-1.1875 -1.82589e-11
-1.18359 -2.79144e-11
-1.17969 -3.42502e-11
-1.17578 -4.98141e-11
-1.17188 -6.54139e-11
-1.16797 -9.53355e-11
-1.16406 -1.30497e-10
-1.16016 -1.87896e-10
-1.15625 -2.62689e-10
-1.15234 -3.7748e-10
-1.14844 -5.34312e-10
-1.14453 -7.67934e-10
-1.14062 -1.092e-09
-1.13672 -1.56585e-09
-1.13281 -2.24093e-09
-1.12891 -3.20947e-09
-1.125 -4.58877e-09
-1.12109 -6.57198e-09
-1.11719 -9.43856e-09
-1.11328 -1.35376e-08
-1.10938 -1.94105e-08
-1.10547 -2.78454e-08
-1.10156 -3.99406e-08
-1.09766 -5.7305e-08
-1.09375 -8.22164e-08
-1.08984 -1.17977e-07
-1.08594 -1.69294e-07
-1.08203 -2.42957e-07
-1.07812 -3.4868e-07
-1.07422 -5.00441e-07
-1.07031 -7.18264e-07
-1.06641 -1.03092e-06
-1.0625 -1.47964e-06
-1.05859 -2.12361e-06
-1.05469 -3.04759e-06
-1.05078 -4.37307e-06
-1.04688 -6.27384e-06
-1.04297 -8.99832e-06
-1.03906 -1.29008e-05
-1.03516 -1.84855e-05
-1.03125 -2.64667e-05
-1.02734 -3.7851e-05
-1.02344 -5.40425e-05
-1.01953 -7.6969e-05
-1.01562 -0.000109194
-1.01172 -0.000153885
-1.00781 -0.000214119
-1.00391 -0.000288799
-1 -0.000139164
-0.996094 0.000167554
-0.992188 0.000267958
-0.988281 0.000335388
-0.984375 0.000386718
-0.980469 0.000428652
-0.976562 0.000464558
-0.972656 0.000496337
-0.96875 0.000525143
-0.964844 0.000551713
-0.960938 0.000576539
-0.957031 0.000599959
-0.953125 0.000622214
-0.949219 0.000643481
-0.945312 0.000663893
-0.941406 0.000683551
-0.9375 0.000702537
-0.933594 0.000720915
-0.929688 0.00073874
-0.925781 0.000756056
-0.921875 0.000772903
-0.917969 0.000789311
-0.914062 0.000805312
-0.910156 0.000820929
-0.90625 0.000836186
-0.902344 0.000851102
-0.898438 0.000865696
-0.894531 0.000879983
-0.890625 0.000893981
-0.886719 0.000907701
-0.882812 0.000921156
-0.878906 0.000934358
-0.875 0.000947319
-0.871094 0.000960046
-0.867188 0.000972551
-0.863281 0.000984841
-0.859375 0.000996925
-0.855469 0.00100881
-0.851562 0.0010205
-0.847656 0.00103201
-0.84375 0.00104334
-0.839844 0.00105449
-0.835938 0.00106547
-0.832031 0.0010763
-0.828125 0.00108696
-0.824219 0.00109748
-0.820312 0.00110784
-0.816406 0.00111806
-0.8125 0.00112813
-0.808594 0.00113807
-0.804688 0.00114788
-0.800781 0.00115756
-0.796875 0.00116711
-0.792969 0.00117653
-0.789062 0.00118584
-0.785156 0.00119503
-0.78125 0.0012041
-0.777344 0.00121306
-0.773438 0.00122191
-0.769531 0.00123065
-0.765625 0.00123929
-0.761719 0.00124782
-0.757812 0.00125625
-0.753906 0.00126458
-0.75 0.00127282
-0.746094 0.00128096
-0.742188 0.00128901
-0.738281 0.00129696
-0.734375 0.00130483
-0.730469 0.0013126
-0.726562 0.00132029
-0.722656 0.0013279
-0.71875 0.00133542
-0.714844 0.00134285
-0.710938 0.00135021
-0.707031 0.00135749
-0.703125 0.00136468
-0.699219 0.0013718
-0.695312 0.00137885
-0.691406 0.00138582
-0.6875 0.00139271
-0.683594 0.00139954
-0.679688 0.00140629
-0.675781 0.00141297
-0.671875 0.00141958
-0.667969 0.00142612
-0.664062 0.0014326
-0.660156 0.001439
-0.65625 0.00144535
-0.652344 0.00145162
-0.648438 0.00145783
-0.644531 0.00146398
-0.640625 0.00147007
-0.636719 0.00147609
-0.632812 0.00148206
-0.628906 0.00148796
-0.625 0.0014938
-0.621094 0.00149959
-0.617188 0.00150532
-0.613281 0.00151098
-0.609375 0.0015166
-0.605469 0.00152215
-0.601562 0.00152765
-0.597656 0.0015331
-0.59375 0.00153849
-0.589844 0.00154382
-0.585938 0.0015491
-0.582031 0.00155433
-0.578125 0.00155951
-0.574219 0.00156464
-0.570312 0.00156971
-0.566406 0.00157474
-0.5625 0.00157971
-0.558594 0.00158463
-0.554688 0.00158951
-0.550781 0.00159433
-0.546875 0.00159911
-0.542969 0.00160384
-0.539062 0.00160852
-0.535156 0.00161315
-0.53125 0.00161774
-0.527344 0.00162226
-0.523438 0.00162677
-0.519531 0.00163119
-0.515625 0.00163563
-0.511719 0.00163994
-0.507812 0.0016443
-0.503906 0.00164852
-0.5 0.00165279
-0.496094 0.00165693
-0.492188 0.00166112
-0.488281 0.00166517
-0.484375 0.00166927
-0.480469 0.00167323
-0.476562 0.00167725
-0.472656 0.00168113
-0.46875 0.00168506
-0.464844 0.00168886
-0.460938 0.00169271
-0.457031 0.00169643
-0.453125 0.0017002
-0.449219 0.00170384
-0.445312 0.00170753
-0.441406 0.00171109
-0.4375 0.0017147
-0.433594 0.00171818
-0.429688 0.00172172
-0.425781 0.00172512
-0.421875 0.00172858
-0.417969 0.0017319
-0.414062 0.00173529
-0.410156 0.00173854
-0.40625 0.00174184
-0.402344 0.00174502
-0.398438 0.00174825
-0.394531 0.00175136
-0.390625 0.00175452
-0.386719 0.00175755
-0.382812 0.00176063
-0.378906 0.00176359
-0.375 0.00176661
-0.371094 0.00176949
-0.367188 0.00177244
-0.363281 0.00177525
-0.359375 0.00177812
-0.355469 0.00178087
-0.351562 0.00178367
-0.347656 0.00178635
-0.34375 0.00178908
-0.339844 0.00179169
-0.335938 0.00179436
-0.332031 0.00179689
-0.328125 0.00179949
-0.324219 0.00180196
-0.320312 0.0018045
-0.316406 0.0018069
-0.3125 0.00180936
-0.308594 0.0018117
-0.304688 0.0018141
-0.300781 0.00181637
-0.296875 0.0018187
-0.292969 0.00182091
-0.289062 0.00182318
-0.285156 0.00182532
-0.28125 0.00182752
-0.277344 0.00182959
-0.273438 0.00183174
-0.269531 0.00183374
-0.265625 0.00183582
-0.261719 0.00183777
-0.257812 0.00183978
-0.253906 0.00184166
-0.25 0.00184361
-0.246094 0.00184543
-0.242188 0.00184732
-0.238281 0.00184908
-0.234375 0.0018509
-0.230469 0.0018526
-0.226562 0.00185436
-0.222656 0.001856
-0.21875 0.0018577
-0.214844 0.00185927
-0.210938 0.00186091
-0.207031 0.00186242
-0.203125 0.001864
-0.199219 0.00186545
-0.195312 0.00186697
-0.191406 0.00186836
-0.1875 0.00186982
-0.183594 0.00187115
-0.179688 0.00187255
-0.175781 0.00187382
-0.171875 0.00187516
-0.167969 0.00187636
-0.164062 0.00187764
-0.160156 0.00187879
-0.15625 0.00188001
-0.152344 0.0018811
-0.148438 0.00188227
-0.144531 0.0018833
-0.140625 0.0018844
-0.136719 0.00188537
-0.132812 0.00188642
-0.128906 0.00188733
-0.125 0.00188832
-0.121094 0.00188917
-0.117188 0.0018901
-0.113281 0.00189089
-0.109375 0.00189176
-0.105469 0.0018925
-0.101562 0.00189331
-0.0976562 0.00189399
-0.09375 0.00189475
-0.0898438 0.00189537
-0.0859375 0.00189606
-0.0820312 0.00189663
-0.078125 0.00189727
-0.0742188 0.00189777
-0.0703125 0.00189835
-0.0664062 0.0018988
-0.0625 0.00189933
-0.0585938 0.00189972
-0.0546875 0.00190018
-0.0507812 0.00190052
-0.046875 0.00190093
-0.0429688 0.0019012
-0.0390625 0.00190156
-0.0351562 0.00190178
-0.03125 0.00190207
-0.0273438 0.00190223
-0.0234375 0.00190247
-0.0195312 0.00190257
-0.015625 0.00190275
-0.0117188 0.0019028
-0.0078125 0.00190293
-0.00390625 0.00190292
0 0.00190298
0.00390625 0.00190292
0.0078125 0.00190293
0.0117188 0.0019028
0.015625 0.00190275
0.0195312 0.00190257
0.0234375 0.00190247
0.0273438 0.00190223
0.03125 0.00190207
0.0351562 0.00190178
0.0390625 0.00190156
0.0429688 0.0019012
0.046875 0.00190093
0.0507812 0.00190052
0.0546875 0.00190018
0.0585938 0.00189972
0.0625 0.00189933
0.0664062 0.0018988
0.0703125 0.00189835
0.0742188 0.00189777
0.078125 0.00189727
0.0820312 0.00189663
0.0859375 0.00189606
0.0898438 0.00189537
0.09375 0.00189475
0.0976562 0.00189399
0.101562 0.00189331
0.105469 0.0018925
0.109375 0.00189176
0.113281 0.00189089
0.117188 0.0018901
0.121094 0.00188917
0.125 0.00188832
0.128906 0.00188733
0.132812 0.00188642
0.136719 0.00188537
0.140625 0.0018844
0.144531 0.0018833
0.148438 0.00188227
0.152344 0.0018811
0.15625 0.00188001
0.160156 0.00187879
0.164062 0.00187764
0.167969 0.00187636
0.171875 0.00187516
0.175781 0.00187382
0.179688 0.00187255
0.183594 0.00187115
0.1875 0.00186982
0.191406 0.00186836
0.195312 0.00186697
0.199219 0.00186545
0.203125 0.001864
0.207031 0.00186242
0.210938 0.00186091
0.214844 0.00185927
0.21875 0.0018577
0.222656 0.001856
0.226562 0.00185436
0.230469 0.0018526
0.234375 0.0018509
0.238281 0.00184908
0.242188 0.00184732
0.246094 0.00184543
0.25 0.00184361
0.253906 0.00184166
0.257812 0.00183978
0.261719 0.00183777
0.265625 0.00183582
0.269531 0.00183374
0.273438 0.00183174
0.277344 0.00182959
0.28125 0.00182752
0.285156 0.00182532
0.289062 0.00182318
0.292969 0.00182091
0.296875 0.0018187
0.300781 0.00181637
0.304688 0.0018141
0.308594 0.0018117
0.3125 0.00180936
0.316406 0.0018069
0.320312 0.0018045
0.324219 0.00180196
0.328125 0.00179949
0.332031 0.00179689
0.335938 0.00179436
0.339844 0.00179169
0.34375 0.00178908
0.347656 0.00178635
0.351562 0.00178367
0.355469 0.00178087
0.359375 0.00177812
0.363281 0.00177525
0.367188 0.00177244
0.371094 0.00176949
0.375 0.00176661
0.378906 0.00176359
0.382812 0.00176063
0.386719 0.00175755
0.390625 0.00175452
0.394531 0.00175136
0.398438 0.00174825
0.402344 0.00174502
0.40625 0.00174184
0.410156 0.00173854
0.414062 0.00173529
0.417969 0.0017319
0.421875 0.00172858
0.425781 0.00172512
0.429688 0.00172172
0.433594 0.00171818
0.4375 0.0017147
0.441406 0.00171109
0.445312 0.00170753
0.449219 0.00170384
0.453125 0.0017002
0.457031 0.00169643
0.460938 0.00169271
0.464844 0.00168886
0.46875 0.00168506
0.472656 0.00168113
0.476562 0.00167725
0.480469 0.00167323
0.484375 0.00166927
0.488281 0.00166517
0.492188 0.00166112
0.496094 0.00165693
0.5 0.00165279
0.503906 0.00164852
0.507812 0.0016443
0.511719 0.00163994
0.515625 0.00163563
0.519531 0.00163119
0.523438 0.00162677
0.527344 0.00162226
0.53125 0.00161774
0.535156 0.00161315
0.539062 0.00160852
0.542969 0.00160384
0.546875 0.00159911
0.550781 0.00159433
0.554688 0.00158951
0.558594 0.00158463
0.5625 0.00157971
0.566406 0.00157474
0.570312 0.00156971
0.574219 0.00156464
0.578125 0.00155951
0.582031 0.00155433
0.585938 0.0015491
0.589844 0.00154382
0.59375 0.00153849
0.597656 0.0015331
0.601562 0.00152765
0.605469 0.00152215
0.609375 0.0015166
0.613281 0.00151098
0.617188 0.00150532
0.621094 0.00149959
0.625 0.0014938
0.628906 0.00148796
0.632812 0.00148206
0.636719 0.00147609
0.640625 0.00147007
0.644531 0.00146398
0.648438 0.00145783
0.652344 0.00145162
0.65625 0.00144535
0.660156 0.001439
0.664062 0.0014326
0.667969 0.00142612
0.671875 0.00141958
0.675781 0.00141297
0.679688 0.00140629
0.683594 0.00139954
0.6875 0.00139271
0.691406 0.00138582
0.695312 0.00137885
0.699219 0.0013718
0.703125 0.00136468
0.707031 0.00135749
0.710938 0.00135021
0.714844 0.00134285
0.71875 0.00133542
0.722656 0.0013279
0.726562 0.00132029
0.730469 0.0013126
0.734375 0.00130483
0.738281 0.00129696
0.742188 0.00128901
0.746094 0.00128096
0.75 0.00127282
0.753906 0.00126458
0.757812 0.00125625
0.761719 0.00124782
0.765625 0.00123929
0.769531 0.00123065
0.773438 0.00122191
0.777344 0.00121306
0.78125 0.0012041
0.785156 0.00119503
0.789062 0.00118584
0.792969 0.00117653
0.796875 0.00116711
0.800781 0.00115756
0.804688 0.00114788
0.808594 0.00113807
0.8125 0.00112813
0.816406 0.00111806
0.820312 0.00110784
0.824219 0.00109748
0.828125 0.00108696
0.832031 0.0010763
0.835938 0.00106547
0.839844 0.00105449
0.84375 0.00104334
0.847656 0.00103201
0.851562 0.0010205
0.855469 0.00100881
0.859375 0.000996925
0.863281 0.000984841
0.867188 0.000972551
0.871094 0.000960046
0.875 0.000947319
0.878906 0.000934358
0.882812 0.000921156
0.886719 0.000907701
0.890625 0.000893981
0.894531 0.000879983
0.898438 0.000865696
0.902344 0.000851102
0.90625 0.000836186
0.910156 0.000820929
0.914062 0.000805312
0.917969 0.000789311
0.921875 0.000772903
0.925781 0.000756056
0.929688 0.00073874
0.933594 0.000720915
0.9375 0.000702537
0.941406 0.000683551
0.945312 0.000663893
0.949219 0.000643481
0.953125 0.000622214
0.957031 0.000599959
0.960938 0.000576539
0.964844 0.000551713
0.96875 0.000525143
0.972656 0.000496337
0.976562 0.000464558
0.980469 0.000428652
0.984375 0.000386718
0.988281 0.000335388
0.992188 0.000267958
0.996094 0.000167554
1 -0.000139164
1.00391 -0.000288799
1.00781 -0.000214119
1.01172 -0.000153885
1.01562 -0.000109194
1.01953 -7.6969e-05
1.02344 -5.40425e-05
1.02734 -3.7851e-05
1.03125 -2.64667e-05
1.03516 -1.84855e-05
1.03906 -1.29008e-05
1.04297 -8.99832e-06
1.04688 -6.27384e-06
1.05078 -4.37307e-06
1.05469 -3.04759e-06
1.05859 -2.12361e-06
1.0625 -1.47964e-06
1.06641 -1.03092e-06
1.07031 -7.18264e-07
1.07422 -5.00441e-07
1.07812 -3.4868e-07
1.08203 -2.42957e-07
1.08594 -1.69294e-07
1.08984 -1.17977e-07
1.09375 -8.22164e-08
1.09766 -5.7305e-08
1.10156 -3.99406e-08
1.10547 -2.78454e-08
1.10938 -1.94105e-08
1.11328 -1.35376e-08
1.11719 -9.43856e-09
1.12109 -6.57198e-09
1.125 -4.58877e-09
1.12891 -3.20947e-09
1.13281 -2.24093e-09
1.13672 -1.56585e-09
1.14062 -1.092e-09
1.14453 -7.67934e-10
1.14844 -5.34312e-10
1.15234 -3.7748e-10
1.15625 -2.62689e-10
1.16016 -1.87896e-10
1.16406 -1.30497e-10
1.16797 -9.53355e-11
1.17188 -6.54139e-11
1.17578 -4.98141e-11
1.17969 -3.42502e-11
1.18359 -2.79144e-11
1.1875 -1.82589e-11
1.19141 -1.67803e-11
1.19531 -1.06625e-11
1.19922 -1.12042e-11
1.20312 -6.49543e-12
1.20703 -8.41879e-12
1.21094 -4.67078e-12
1.21484 -6.88583e-12
1.21875 -3.35375e-12
1.22266 -6.08401e-12
1.22656 -2.95096e-12
1.23047 -5.60776e-12
1.23438 -2.31836e-12
1.23828 -5.22788e-12
1.24219 -2.29401e-12
1.24609 -5.00362e-12
1.25 -1.83352e-12
1.25391 -4.82429e-12
1.25781 -1.90108e-12
1.26172 -4.72918e-12
1.26562 -1.51933e-12
1.26953 -4.08507e-12
1.27344 -1.65478e-12
1.27734 -3.524e-12
1.28125 -1.29608e-12
1.28516 -3.41673e-12
1.28906 -1.46617e-12
1.29297 -3.38132e-12
1.29688 -1.11297e-12
1.30078 -3.14047e-12
1.30469 -1.3114e-12
1.30859 -2.96201e-12
1.3125 -9.52829e-13
1.31641 -2.65239e-12
1.32031 -1.14983e-12
1.32422 -2.50636e-12
1.32812 -8.20999e-13
1.33203 -2.23236e-12
1.33594 -1.04047e-12
1.33984 -2.11339e-12
1.34375 -7.10889e-13
1.34766 -1.8709e-12
1.35156 -9.49081e-13
1.35547 -1.64387e-12
1.35938 -6.18355e-13
1.36328 -1.56035e-12
1.36719 -8.72975e-13
1.37109 -1.35992e-12
1.375 -5.38663e-13
1.37891 -1.17316e-12
1.38281 -8.08809e-13
1.38672 -9.99668e-13
1.39062 -4.70554e-13
1.39453 -7.22199e-13
1.39844 -7.52986e-13
1.40234 -4.62651e-13
1.40625 -4.09383e-13
1.41406 -7.04872e-13
1.42188 -3.6104e-13
1.42969 -6.90663e-13
1.4375 -3.18559e-13
1.44531 -6.55549e-13
1.45312 -2.81266e-13
1.46094 -6.24894e-13
1.46875 -2.48587e-13
1.47656 -5.9843e-13
1.48438 -2.20085e-13
1.49219 -5.9803e-13
1.5 -1.95178e-13
