-1.5 -2.53823e-09
-1.48438 -3.66568e-09
-1.46875 -5.28963e-09
-1.45312 -7.63882e-09
-1.4375 -1.10276e-08
-1.42188 -1.59262e-08
-1.40625 -2.29982e-08
-1.39062 -3.32179e-08
-1.375 -4.74475e-08
-1.36719 -1.3129e-08
-1.35938 -6.81693e-08
-1.35156 -3.71338e-08
-1.34375 -9.81393e-08
-1.33594 -7.64999e-08
-1.32812 -1.41874e-07
-1.32031 -1.25973e-07
-1.3125 -2.01882e-07
-1.30469 -2.46106e-07
-1.29688 -2.94584e-07
-1.28906 -3.54372e-07
-1.28125 -4.24689e-07
-1.27344 -5.10615e-07
-1.26562 -6.12227e-07
-1.25781 -7.35741e-07
-1.25 -8.82417e-07
-1.24219 -1.05997e-06
-1.23438 -1.27146e-06
-1.22656 -1.52685e-06
-1.21875 -1.83118e-06
-1.21094 -2.19793e-06
-1.20312 -2.63566e-06
-1.19531 -3.16213e-06
-1.1875 -3.79036e-06
-1.17969 -4.54488e-06
-1.17188 -5.44475e-06
-1.16406 -6.52367e-06
-1.15625 -7.8092e-06
-1.14844 -9.34729e-06
-1.14062 -1.1177e-05
-1.13281 -1.33611e-05
-1.125 -1.59511e-05
-1.11719 -1.9032e-05
-1.10938 -2.26717e-05
-1.10156 -2.69776e-05
-1.09375 -3.20336e-05
-1.08594 -3.79667e-05
-1.07812 -4.48568e-05
-1.07031 -5.28317e-05
-1.0625 -6.19086e-05
-1.05469 -7.21289e-05
-1.04688 -8.3263e-05
-1.03906 -9.49532e-05
-1.03125 -0.00010607
-1.02344 -0.000114541
-1.01562 -0.000115155
-1.00781 -9.51536e-05
-1 0.000136241
-0.992188 0.000362728
-0.984375 0.000462086
-0.976562 0.00053731
-0.96875 0.000599655
-0.960938 0.000652568
-0.953125 0.000700243
-0.945312 0.000741992
-0.9375 0.000781641
-0.929688 0.000816987
-0.921875 0.00085111
-0.914062 0.000882162
-0.90625 0.000912394
-0.898438 0.000940344
-0.890625 0.00096767
-0.882812 0.00099325
-0.875 0.00101831
-0.867188 0.00104199
-0.859375 0.00106521
-0.851562 0.00108727
-0.84375 0.00110902
-0.835938 0.00112976
-0.828125 0.00115019
-0.820312 0.00116974
-0.8125 0.00118906
-0.804688 0.00120761
-0.796875 0.0012259
-0.789062 0.00124351
-0.78125 0.00126092
-0.773438 0.00127772
-0.765625 0.00129428
-0.757812 0.0013103
-0.75 0.00132613
-0.742188 0.00134144
-0.734375 0.00135658
-0.726562 0.00137122
-0.71875 0.00138573
-0.710938 0.00139978
-0.703125 0.00141366
-0.695312 0.00142712
-0.6875 0.00144044
-0.679688 0.00145336
-0.671875 0.00146615
-0.664062 0.00147853
-0.65625 0.00149084
-0.648438 0.00150272
-0.640625 0.00151456
-0.632812 0.00152597
-0.625 0.00153735
-0.617188 0.00154827
-0.609375 0.00155926
-0.601562 0.00156975
-0.59375 0.00158033
-0.585938 0.00159033
-0.578125 0.00160058
-0.570312 0.00161009
-0.5625 0.00162004
-0.554688 0.00162882
-0.546875 0.00163876
-0.539062 0.00163922
-0.53125 0.00165674
-0.523438 0.00165674
-0.515625 0.00167402
-0.507812 0.00167357
-0.5 0.00169061
-0.492188 0.00168973
-0.484375 0.00170654
-0.476562 0.00170524
-0.46875 0.00172183
-0.460938 0.00172012
-0.453125 0.00173648
-0.445312 0.00173439
-0.4375 0.00175053
-0.429688 0.00174805
-0.421875 0.00176397
-0.414062 0.00176112
-0.40625 0.00177683
-0.398438 0.00177362
-0.390625 0.00178912
-0.382812 0.00178555
-0.375 0.00180085
-0.367188 0.00179694
-0.359375 0.00181203
-0.351562 0.00180778
-0.34375 0.00182267
-0.335938 0.00181809
-0.328125 0.00183278
-0.320312 0.00182788
-0.3125 0.00184236
-0.304688 0.00183715
-0.296875 0.00185144
-0.289062 0.00184592
-0.28125 0.00186
-0.273438 0.00185419
-0.265625 0.00186807
-0.257812 0.00186196
-0.25 0.00187565
-0.242188 0.00186925
-0.234375 0.00188274
-0.226562 0.00187606
-0.21875 0.00188935
-0.210938 0.00188239
-0.203125 0.00189548
-0.195312 0.00188825
-0.1875 0.00190114
-0.179688 0.00189364
-0.171875 0.00190633
-0.164062 0.00189857
-0.15625 0.00191106
-0.148438 0.00190304
-0.140625 0.00191532
-0.132812 0.00190706
-0.125 0.00191913
-0.117188 0.00191062
-0.109375 0.00192249
-0.101562 0.00191373
-0.09375 0.00192539
-0.0859375 0.00191639
-0.078125 0.00192785
-0.0703125 0.00191861
-0.0625 0.00192985
-0.0546875 0.00192038
-0.046875 0.00193141
-0.0390625 0.0019217
-0.03125 0.00193252
-0.0234375 0.00192259
-0.015625 0.00193319
-0.0078125 0.00192303
0 0.00193341
0.0078125 0.00192303
0.015625 0.00193319
0.0234375 0.00192259
0.03125 0.00193252
0.0390625 0.0019217
0.046875 0.00193141
0.0546875 0.00192038
0.0625 0.00192985
0.0703125 0.00191861
0.078125 0.00192785
0.0859375 0.00191639
0.09375 0.00192539
0.101562 0.00191373
0.109375 0.00192249
0.117188 0.00191062
0.125 0.00191913
0.132812 0.00190706
0.140625 0.00191532
0.148438 0.00190304
0.15625 0.00191106
0.164062 0.00189857
0.171875 0.00190633
0.179688 0.00189364
0.1875 0.00190114
0.195312 0.00188825
0.203125 0.00189548
0.210938 0.00188239
0.21875 0.00188935
0.226562 0.00187606
0.234375 0.00188274
0.242188 0.00186925
0.25 0.00187565
0.257812 0.00186196
0.265625 0.00186807
0.273438 0.00185419
0.28125 0.00186
0.289062 0.00184592
0.296875 0.00185144
0.304688 0.00183715
0.3125 0.00184236
0.320312 0.00182788
0.328125 0.00183278
0.335938 0.00181809
0.34375 0.00182267
0.351562 0.00180778
0.359375 0.00181203
0.367188 0.00179694
0.375 0.00180085
0.382812 0.00178555
0.390625 0.00178912
0.398438 0.00177362
0.40625 0.00177683
0.414062 0.00176112
0.421875 0.00176397
0.429688 0.00174805
0.4375 0.00175053
0.445312 0.00173439
0.453125 0.00173648
0.460938 0.00172012
0.46875 0.00172183
0.476562 0.00170524
0.484375 0.00170654
0.492188 0.00168973
0.5 0.00169061
0.507812 0.00167357
0.515625 0.00167402
0.523438 0.00165674
0.53125 0.00165674
0.539062 0.00163922
0.546875 0.00163876
0.554688 0.00162882
0.5625 0.00162004
0.570312 0.00161009
0.578125 0.00160058
0.585938 0.00159033
0.59375 0.00158033
0.601562 0.00156975
0.609375 0.00155926
0.617188 0.00154827
0.625 0.00153735
0.632812 0.00152597
0.640625 0.00151456
0.648438 0.00150272
0.65625 0.00149084
0.664062 0.00147853
0.671875 0.00146615
0.679688 0.00145336
0.6875 0.00144044
0.695312 0.00142712
0.703125 0.00141366
0.710938 0.00139978
0.71875 0.00138573
0.726562 0.00137122
0.734375 0.00135658
0.742188 0.00134144
0.75 0.00132613
0.757812 0.0013103
0.765625 0.00129428
0.773438 0.00127772
0.78125 0.00126092
0.789062 0.00124351
0.796875 0.0012259
0.804688 0.00120761
0.8125 0.00118906
0.820312 0.00116974
0.828125 0.00115019
0.835938 0.00112976
0.84375 0.00110902
0.851562 0.00108727
0.859375 0.00106521
0.867188 0.00104199
0.875 0.00101831
0.882812 0.00099325
0.890625 0.00096767
0.898438 0.000940344
0.90625 0.000912394
0.914062 0.000882162
0.921875 0.00085111
0.929688 0.000816987
0.9375 0.000781641
0.945312 0.000741992
0.953125 0.000700243
0.960938 0.000652568
0.96875 0.000599655
0.976562 0.00053731
0.984375 0.000462086
0.992188 0.000362728
1 0.000136241
1.00781 -9.51536e-05
1.01562 -0.000115155
1.02344 -0.000114541
1.03125 -0.00010607
1.03906 -9.49532e-05
1.04688 -8.3263e-05
1.05469 -7.21289e-05
1.0625 -6.19086e-05
1.07031 -5.28317e-05
1.07812 -4.48568e-05
1.08594 -3.79667e-05
1.09375 -3.20336e-05
1.10156 -2.69776e-05
1.10938 -2.26717e-05
1.11719 -1.9032e-05
1.125 -1.59511e-05
1.13281 -1.33611e-05
1.14062 -1.1177e-05
1.14844 -9.34729e-06
1.15625 -7.8092e-06
1.16406 -6.52367e-06
1.17188 -5.44475e-06
1.17969 -4.54488e-06
1.1875 -3.79036e-06
1.19531 -3.16213e-06
1.20312 -2.63566e-06
1.21094 -2.19793e-06
1.21875 -1.83118e-06
1.22656 -1.52685e-06
1.23438 -1.27146e-06
1.24219 -1.05997e-06
1.25 -8.82417e-07
1.25781 -7.35741e-07
1.26562 -6.12227e-07
1.27344 -5.10615e-07
1.28125 -4.24689e-07
1.28906 -3.54372e-07
1.29688 -2.94584e-07
1.30469 -2.46106e-07
1.3125 -2.01882e-07
1.32031 -1.25973e-07
1.32812 -1.41874e-07
1.33594 -7.64999e-08
1.34375 -9.81393e-08
1.35156 -3.71338e-08
1.35938 -6.81693e-08
1.36719 -1.3129e-08
1.375 -4.74475e-08
1.39062 -3.32179e-08
1.40625 -2.29982e-08
1.42188 -1.59262e-08
1.4375 -1.10276e-08
1.45312 -7.63882e-09
1.46875 -5.28963e-09
1.48438 -3.66568e-09
1.5 -2.53823e-09
