# 1: Timestep No
# 2: Time
# 3: DoFs
# 4: minimum cell diameter
# 5: Bulk Energy
# 6: Crack Energy
# 7: TCV
# 8: phi_L2_error
0 1.0000 699 7.07106781e-01 1.60039983e-06 6.57909151e+00 0.00000000e+00 0.00000000e+00 
1 2.0000 699 7.07106781e-01 8.38527954e-05 6.57909152e+00 0.00000000e+00 0.00000000e+00 
2 3.0000 699 7.07106781e-01 1.69850084e-05 6.57909152e+00 0.00000000e+00 0.00000000e+00 
3 4.0000 699 7.07106781e-01 1.69847141e-05 6.57909152e+00 3.12986869e-02 1.26947242e+00 
4 5.0000 2523 3.53553391e-01 1.08615348e-06 4.49573526e+00 0.00000000e+00 0.00000000e+00 
5 6.0000 2523 3.53553391e-01 6.76194899e-05 4.49573526e+00 0.00000000e+00 0.00000000e+00 
6 7.0000 2523 3.53553391e-01 1.01051177e-05 4.49573526e+00 0.00000000e+00 0.00000000e+00 
7 8.0000 2523 3.53553391e-01 1.01048795e-05 4.49573526e+00 0.00000000e+00 0.00000000e+00 
8 9.0000 7779 1.76776695e-01 1.44854889e-06 3.43212143e+00 1.85331296e-02 6.36419193e-01 
9 10.0000 7779 1.76776695e-01 2.91620183e-05 3.43212143e+00 0.00000000e+00 0.00000000e+00 
10 11.0000 7779 1.76776695e-01 5.86112851e-06 3.43212143e+00 0.00000000e+00 0.00000000e+00 
11 12.0000 7779 1.76776695e-01 5.86105521e-06 3.43212143e+00 0.00000000e+00 0.00000000e+00 
12 13.0000 21459 8.83883476e-02 1.88087391e-06 2.89463301e+00 1.13065552e-02 3.30980791e-01 
13 14.0000 21459 8.83883476e-02 1.52912686e-05 2.89463301e+00 0.00000000e+00 0.00000000e+00 
14 15.0000 21459 8.83883476e-02 4.06418982e-06 2.89463301e+00 0.00000000e+00 0.00000000e+00 
15 16.0000 21459 8.83883476e-02 4.06416376e-06 2.89463301e+00 0.00000000e+00 0.00000000e+00 
16 17.0000 51579 4.41941738e-02 2.26780597e-06 2.62540173e+00 8.17999640e-03 1.92889427e-01 
17 18.0000 51579 4.41941738e-02 9.63542983e-06 2.62540173e+00 0.00000000e+00 0.00000000e+00 
18 19.0000 51579 4.41941738e-02 3.38685718e-06 2.62540173e+00 0.00000000e+00 0.00000000e+00 
19 20.0000 51579 4.41941738e-02 3.38684625e-06 2.62540173e+00 0.00000000e+00 0.00000000e+00 
20 21.0000 116799 2.20970869e-02 2.54790632e-06 2.49077855e+00 6.91649839e-03 1.20895122e-01 
21 22.0000 116799 2.20970869e-02 6.75941774e-06 2.49077855e+00 0.00000000e+00 0.00000000e+00 
22 23.0000 116799 2.20970869e-02 3.13879804e-06 2.49077855e+00 0.00000000e+00 0.00000000e+00 
23 24.0000 116799 2.20970869e-02 3.13879293e-06 2.49077855e+00 0.00000000e+00 0.00000000e+00 
24 25.0000 257733 1.10485435e-02 2.72794157e-06 2.42346733e+00 6.39587185e-03 7.94761809e-02 
25 26.0000 257733 1.10485435e-02 5.16988472e-06 2.42346733e+00 0.00000000e+00 0.00000000e+00 
26 27.0000 257733 1.10485435e-02 3.04408406e-06 2.42346733e+00 0.00000000e+00 0.00000000e+00 
27 28.0000 257733 1.10485435e-02 3.04408154e-06 2.42346733e+00 0.00000000e+00 0.00000000e+00 
28 29.0000 559449 5.52427173e-03 2.83633818e-06 2.38981172e+00 6.16520330e-03 5.39483193e-02 
29 30.0000 559449 5.52427173e-03 4.24460812e-06 2.38981172e+00 0.00000000e+00 0.00000000e+00 
30 31.0000 559449 5.52427173e-03 3.00483311e-06 2.38981172e+00 0.00000000e+00 0.00000000e+00 
31 32.0000 559449 5.52427173e-03 3.00483184e-06 2.38981172e+00 0.00000000e+00 0.00000000e+00 
32 33.0000 1202037 2.76213586e-03 2.89852304e-06 2.37298392e+00 6.05487792e-03 3.73263665e-02 
33 34.0000 1202037 2.76213586e-03 3.70015808e-06 2.37298392e+00 0.00000000e+00 0.00000000e+00 
34 35.0000 1202037 2.76213586e-03 2.98728179e-06 2.37298392e+00 0.00000000e+00 0.00000000e+00 
35 36.0000 1202037 2.76213586e-03 2.98728115e-06 2.37298392e+00 0.00000000e+00 0.00000000e+00 
36 37.0000 2559477 1.38106793e-03 2.93284495e-06 2.36457002e+00 5.99964423e-03 2.60986656e-02 
37 38.0000 2559477 1.38106793e-03 3.38293865e-06 2.36457002e+00 0.00000000e+00 0.00000000e+00 
38 39.0000 2559477 1.38106793e-03 2.97902266e-06 2.36457002e+00 0.00000000e+00 0.00000000e+00 
39 40.0000 2559477 1.38106793e-03 2.97902233e-06 2.36457002e+00 0.00000000e+00 0.00000000e+00 
40 41.0000 5415201 6.90533966e-04 2.95125144e-06 2.36036308e+00 5.97149189e-03 1.83493316e-02 
41 42.0000 5415201 6.90533966e-04 3.20092809e-06 2.36036308e+00 0.00000000e+00 0.00000000e+00 
42 43.0000 5415201 6.90533966e-04 2.97502555e-06 2.36036308e+00 0.00000000e+00 0.00000000e+00 
43 44.0000 5415201 6.90533966e-04 2.97502538e-06 2.36036308e+00 0.00000000e+00 0.00000000e+00 
44 45.0000 11390535 3.45266983e-04 2.96091934e-06 2.35825960e+00 5.95710351e-03 1.29375776e-02 
45 46.0000 11390535 3.45266983e-04 3.09802553e-06 2.35825960e+00 0.00000000e+00 0.00000000e+00 
46 47.0000 11390535 3.45266983e-04 2.97306069e-06 2.35825960e+00 0.00000000e+00 0.00000000e+00 
47 48.0000 11390535 3.45266983e-04 2.97306061e-06 2.35825960e+00 0.00000000e+00 0.00000000e+00 
48 49.0000 23849601 1.72633492e-04 2.96592406e-06 2.35720787e+00 5.94976631e-03 9.13501139e-03 
